-1,21736,118,11,1440,65373,112,64955,1194,62209,5200,73


-1,21737,131,13,1414,65360,146,64975,1194,62209,5200,73


-1,21738,126,15,1453,65336,111,65016,1211,62118,5296,73


-1,21739,129,4,1431,65388,141,64986,1211,62118,5296,73


-1,21740,111,5,1422,65352,130,64938,1211,62118,5296,73


-1,21741,135,10,1446,65379,106,64950,1197,62118,5290,73


-1,21742,126,5,1410,65376,102,64954,1197,62118,5290,73


-1,21743,137,65535,1404,65348,119,64973,1197,62118,5290,73


-1,21744,140,11,1442,65368,136,64955,1197,62118,5290,73


-1,21745,143,14,1419,65347,136,65012,1226,62253,5104,73


-1,21746,127,65535,1416,65332,149,65001,1226,62253,5104,73


-1,21747,131,12,1425,65362,177,64920,1226,62253,5104,73


-1,21748,115,65533,1418,65346,143,65021,1160,62140,5292,73


-1,21749,132,22,1415,65351,129,64975,1160,62140,5292,73


-1,21750,121,12,1415,65376,141,64950,1160,62140,5292,73


-1,21751,129,65533,1413,65384,131,64993,1136,62096,5290,73


-1,21752,114,16,1431,65397,114,64964,1136,62096,5290,73


-1,21753,133,16,1428,65369,113,64973,1136,62096,5290,73


-1,21754,131,15,1438,65351,125,64948,1136,62096,5290,73


-1,21755,137,5,1416,65349,149,64973,1198,62163,5346,73


-1,21756,126,15,1433,65361,120,65005,1198,62163,5346,73


-1,21757,125,5,1410,65345,154,64938,1198,62163,5346,73


-1,21758,109,20,1413,65404,123,64968,1176,62132,5277,73


-1,21759,123,6,1417,65365,123,64958,1176,62132,5277,73


-1,21760,108,14,1409,65357,151,64946,1176,62132,5277,73


-1,21761,128,15,1422,65365,117,64980,1180,62129,5308,73


-1,21762,140,1,1427,65365,119,64968,1180,62129,5308,73


-1,21763,136,65533,1409,65359,113,64968,1180,62129,5308,73


-1,21764,110,10,1429,65328,126,64964,1180,62129,5308,73


-1,21765,132,1,1407,65371,151,64976,1199,62122,5361,73


-1,21766,115,13,1404,65391,110,64996,1199,62122,5361,73


-1,21767,130,9,1434,65368,115,64975,1199,62122,5361,73


-1,21768,137,17,1420,65387,115,64978,1199,62147,5210,75


-1,21769,126,7,1428,65372,115,64966,1199,62147,5210,75


-1,21770,125,3,1435,65382,126,64942,1199,62147,5210,75


-1,21771,133,8,1434,65364,119,64978,1199,62147,5210,75


-1,21772,123,12,1436,65365,143,64969,1174,62108,5362,75


-1,21773,141,10,1415,65327,116,64982,1174,62108,5362,75


-1,21774,124,6,1414,65338,112,64974,1174,62108,5362,75


-1,21775,115,6,1428,65369,128,64969,1215,62207,5196,75


-1,21776,126,18,1427,65336,140,64977,1215,62207,5196,75


-1,21777,110,27,1438,65401,137,64976,1215,62207,5196,75


-1,21778,133,65535,1419,65393,89,64974,1169,62100,5219,75


-1,21779,133,10,1424,65371,125,64989,1169,62100,5219,75


-1,21780,148,7,1424,65376,111,64992,1169,62100,5219,75


-1,21781,120,65534,1419,65347,151,64970,1169,62100,5219,75


-1,21782,117,8,1423,65340,143,64942,1215,62210,5246,75


-1,21783,115,65535,1412,65341,145,64982,1215,62210,5246,75


-1,21784,140,7,1408,65378,149,64953,1215,62210,5246,75


-1,21785,123,65527,1428,65370,126,64971,1199,62228,5329,74


-1,21786,124,4,1445,65358,143,64958,1199,62228,5329,74


-1,21787,142,12,1417,65351,130,64963,1199,62228,5329,74


-1,21788,125,10,1418,65345,116,64970,1183,62172,5203,74


-1,21789,121,21,1425,65371,113,64970,1183,62172,5203,74


-1,21790,131,19,1419,65369,146,64992,1183,62172,5203,74


-1,21791,134,17,1428,65338,128,64960,1183,62172,5203,74


-1,21792,125,13,1442,65362,116,64964,1126,62114,5256,74


-1,21793,130,14,1412,65346,153,64963,1126,62114,5256,74


-1,21794,126,10,1403,65360,124,64957,1126,62114,5256,74


-1,21795,127,7,1433,65392,113,64965,1210,62146,5337,74


-1,21796,118,5,1422,65358,126,64951,1210,62146,5337,74


-1,21797,125,7,1414,65378,115,64960,1210,62146,5337,74


-1,21798,125,15,1396,65351,131,64947,1157,62124,5295,74


-1,21799,122,12,1425,65348,114,64971,1157,62124,5295,74


-1,21800,120,4,1428,65339,131,64982,1157,62124,5295,74


-1,21801,108,13,1425,65363,144,64988,1157,62124,5295,74


-1,21802,130,2,1424,65362,150,64958,1183,62108,5222,74


-1,21803,140,2,1431,65381,123,64974,1183,62108,5222,74


-1,21804,117,4,1423,65357,125,64993,1183,62108,5222,74


-1,21805,122,18,1421,65351,110,64953,1213,62126,5328,74


-1,21806,132,17,1426,65384,110,64970,1213,62126,5328,74


-1,21807,119,12,1411,65339,121,64952,1213,62126,5328,74


-1,21808,154,20,1419,65349,135,64990,1164,62104,5295,74


-1,21809,131,14,1408,65344,113,64966,1164,62104,5295,74


-1,21810,131,26,1415,65339,130,65012,1164,62104,5295,74


-1,21811,137,6,1437,65368,139,64949,1164,62104,5295,74


-1,21812,124,7,1419,65363,119,64980,1160,62174,5269,74


-1,21813,135,65535,1437,65368,137,64940,1160,62174,5269,74


-1,21814,126,1,1418,65373,122,64969,1160,62174,5269,74


-1,21815,135,0,1410,65352,143,64951,1212,62163,5395,74


-1,21816,136,0,1411,65345,150,64981,1212,62163,5395,74


-1,21817,133,65534,1432,65393,126,64975,1212,62163,5395,74


-1,21818,134,15,1426,65385,125,64980,1182,62114,5272,74


-1,21819,119,8,1422,65360,129,64957,1182,62114,5272,74


-1,21820,124,20,1435,65345,123,64971,1182,62114,5272,74


-1,21821,132,65533,1417,65348,117,64967,1182,62114,5272,74


-1,21822,142,65535,1426,65366,120,64937,1144,62159,5272,74


-1,21823,143,0,1431,65344,90,64971,1144,62159,5272,74


-1,21824,143,6,1426,65385,123,64980,1144,62159,5272,74


-1,21825,121,2,1438,65365,137,64979,1174,62120,5367,74


-1,21826,139,65527,1426,65375,111,64954,1174,62120,5367,74


-1,21827,134,7,1435,65334,134,64982,1174,62120,5367,74


-1,21828,128,3,1433,65369,136,64950,1190,62171,5270,74


-1,21829,140,11,1428,65361,132,64974,1190,62171,5270,74


-1,21830,118,18,1427,65325,131,64975,1190,62171,5270,74


-1,21831,117,13,1429,65354,133,64942,1190,62171,5270,74


-1,21832,127,17,1409,65378,108,64958,1158,62186,5306,75


-1,21833,133,5,1433,65383,110,64963,1158,62186,5306,75


-1,21834,117,13,1420,65400,117,64980,1158,62186,5306,75


-1,21835,138,65531,1410,65360,114,64986,1181,62114,5342,73


-1,21836,136,14,1414,65348,144,65014,1181,62114,5342,73


-1,21837,146,14,1420,65362,151,64972,1181,62114,5342,73


-1,21838,136,5,1416,65318,122,65034,1187,62218,5168,74


-1,21839,120,20,1417,65316,140,65016,1187,62218,5168,74


-1,21840,127,16,1407,65346,127,64983,1187,62218,5168,74


-1,21841,123,10,1437,65379,103,64949,1187,62218,5168,74


-1,21842,123,9,1412,65393,130,65020,1171,62093,5365,74


-1,21843,138,9,1423,65380,146,64933,1171,62093,5365,74


-1,21844,127,5,1423,65351,117,64949,1171,62093,5365,74


-1,21845,130,5,1434,65427,108,64959,1228,62198,5211,74


-1,21846,123,65532,1439,65357,156,64988,1228,62198,5211,74


-1,21847,146,19,1427,65346,155,64958,1228,62198,5211,74


-1,21848,135,7,1412,65326,143,65026,1228,62198,5211,74


-1,21849,128,4,1415,65344,154,64989,1214,62093,5227,74


-1,21850,123,6,1406,65350,136,64982,1214,62093,5227,74


-1,21851,115,3,1415,65341,124,64957,1214,62093,5227,74


-1,21852,137,65531,1421,65358,108,64969,1177,62116,5394,74


-1,21853,108,1,1426,65381,139,64995,1177,62116,5394,74


-1,21854,141,9,1412,65359,103,64995,1177,62116,5394,74


-1,21855,111,21,1415,65351,108,64971,1153,62110,5333,73


-1,21856,141,8,1435,65387,124,64990,1153,62110,5333,73


-1,21857,130,0,1428,65348,132,64954,1153,62110,5333,73


-1,21858,119,12,1426,65370,116,65018,1153,62110,5333,73


-1,21859,112,9,1406,65338,116,64992,1173,62189,5125,75


-1,21860,131,5,1404,65345,131,64980,1173,62189,5125,75


-1,21861,110,1,1419,65357,104,64983,1173,62189,5125,75


-1,21862,110,10,1423,65408,93,64983,1170,62135,5342,73


-1,21863,127,9,1424,65386,104,64962,1170,62135,5342,73


-1,21864,134,3,1406,65353,102,64949,1170,62135,5342,73


-1,21865,130,3,1441,65364,137,64982,1164,62100,5353,73


-1,21866,128,65526,1445,65356,143,64976,1164,62100,5353,73


-1,21867,124,65530,1427,65350,169,64977,1164,62100,5353,73


-1,21868,118,1,1423,65338,158,64989,1164,62100,5353,73


-1,21869,112,65534,1414,65342,128,64981,1188,62198,5271,75


-1,21870,126,18,1417,65366,131,64976,1188,62198,5271,75


-1,21871,133,8,1389,65402,82,64938,1188,62198,5271,75


-1,21872,126,7,1418,65383,112,64955,1201,62117,5278,73


-1,21873,137,65532,1430,65405,115,64956,1201,62117,5278,73


-1,21874,135,2,1440,65370,122,64961,1201,62117,5278,73


-1,21875,120,5,1464,65340,126,65004,1195,62094,5340,73


-1,21876,116,10,1427,65312,152,64977,1195,62094,5340,73


-1,21877,103,15,1415,65365,133,65003,1195,62094,5340,73


-1,21878,107,4,1410,65361,141,64964,1195,62094,5340,73


-1,21879,114,24,1409,65350,119,65005,1176,62178,5242,75


-1,21880,125,4,1407,65376,120,64962,1176,62178,5242,75


-1,21881,133,15,1423,65400,101,64959,1176,62178,5242,75


-1,21882,133,9,1447,65381,91,64959,1156,62161,5340,75


-1,21883,133,34,1423,65375,130,64964,1156,62161,5340,75


-1,21884,128,65527,1415,65360,130,64983,1156,62161,5340,75


-1,21885,139,65531,1418,65389,130,64979,1164,62087,5381,74


-1,21886,124,1,1423,65335,144,65010,1164,62087,5381,74


-1,21887,125,7,1408,65314,119,64968,1164,62087,5381,74


-1,21888,130,7,1426,65372,119,64989,1164,62087,5381,74


-1,21889,130,65524,1442,65395,101,64954,1177,62119,5296,74


-1,21890,138,11,1422,65383,108,64960,1177,62119,5296,74


-1,21891,122,10,1427,65371,113,64976,1177,62119,5296,74


-1,21892,134,18,1420,65351,120,64942,1197,62100,5275,74


-1,21893,144,4,1426,65338,134,64978,1197,62100,5275,74


-1,21894,125,10,1408,65339,146,64992,1197,62100,5275,74


-1,21895,138,65522,1429,65328,123,64977,1177,62093,5270,73


-1,21896,114,0,1424,65349,123,64981,1177,62093,5270,73


-1,21897,118,2,1428,65340,132,64976,1177,62093,5270,73


-1,21898,129,23,1429,65381,116,64979,1177,62093,5270,73


-1,21899,128,25,1435,65394,127,65021,1210,62097,5337,74


-1,21900,118,0,1409,65354,126,64953,1210,62097,5337,74


-1,21901,121,10,1436,65355,143,64957,1210,62097,5337,74


-1,21902,125,9,1413,65374,112,64976,1195,62156,5195,74


-1,21903,148,9,1413,65337,132,64954,1195,62156,5195,74


-1,21904,118,10,1424,65342,161,64981,1195,62156,5195,74


-1,21905,121,7,1433,65342,124,65008,1195,62156,5195,74


-1,21906,122,19,1421,65348,133,64988,1151,62142,5313,74


-1,21907,125,65530,1399,65370,94,64973,1151,62142,5313,74


-1,21908,129,3,1425,65367,98,64961,1151,62142,5313,74


-1,21909,143,16,1445,65377,116,64990,1195,62140,5326,74


-1,21910,144,65535,1429,65334,141,65014,1195,62140,5326,74


-1,21911,140,6,1418,65339,164,64985,1195,62140,5326,74


-1,21912,144,65535,1426,65319,137,65004,1180,62201,5155,74


-1,21913,105,24,1411,65317,161,64985,1180,62201,5155,74


-1,21914,115,8,1418,65349,124,64959,1180,62201,5155,74


-1,21915,115,12,1413,65367,94,64966,1180,62201,5155,74


-1,21916,128,11,1433,65393,106,64957,1188,62162,5270,74


-1,21917,125,2,1429,65397,84,64944,1188,62162,5270,74


-1,21918,147,8,1454,65387,103,64947,1188,62162,5270,74


-1,21919,154,7,1426,65363,121,64960,1179,62081,5334,74


-1,21920,134,15,1433,65340,137,64987,1179,62081,5334,74


-1,21921,108,4,1423,65296,170,64958,1179,62081,5334,74


-1,21922,108,2,1413,65350,161,64962,1209,62148,5305,74


-1,21923,132,19,1414,65352,136,64993,1209,62148,5305,74


-1,21924,140,2,1419,65397,101,64993,1209,62148,5305,74


-1,21925,131,5,1420,65392,102,64948,1209,62148,5305,74


-1,21926,142,6,1444,65367,108,64963,1199,62136,5231,75


-1,21927,137,27,1429,65367,125,64959,1199,62136,5231,75


-1,21928,126,65526,1413,65377,100,64998,1199,62136,5231,75


-1,21929,127,3,1427,65340,146,64980,1174,62077,5366,75


-1,21930,127,19,1411,65348,136,64974,1174,62077,5366,75


-1,21931,112,65535,1408,65364,138,64953,1174,62077,5366,75


-1,21932,106,27,1419,65365,125,64976,1189,62132,5250,73


-1,21933,126,10,1390,65365,96,64963,1189,62132,5250,73


-1,21934,127,9,1416,65359,127,64917,1189,62132,5250,73


-1,21935,134,8,1436,65375,99,64912,1189,62132,5250,73


-1,21936,145,0,1435,65347,102,64975,1167,62113,5288,73


-1,21937,137,5,1421,65354,138,64930,1167,62113,5288,73


-1,21938,130,17,1430,65337,116,64983,1167,62113,5288,73


-1,21939,130,4,1428,65341,151,64997,1174,62118,5310,74


-1,21940,124,65532,1402,65335,142,64988,1174,62118,5310,74


-1,21941,120,19,1413,65333,123,65014,1174,62118,5310,74


-1,21942,130,17,1414,65367,141,64991,1174,62118,5310,74


-1,21943,118,24,1412,65380,124,64933,1162,62128,5283,74


-1,21944,121,6,1408,65360,109,64958,1162,62128,5283,74


-1,21945,149,1,1401,65347,121,64953,1162,62128,5283,74


-1,21946,147,8,1418,65352,107,64987,1202,62117,5236,74


-1,21947,119,2,1424,65353,130,64977,1202,62117,5236,74

a=0

-1,21948,137,23,1412,65348,136,64954,1202,62117,5236,74


-1,21949,129,16,1425,65346,114,65013,1171,62126,5301,74


-1,21950,114,22,1417,65369,113,64960,1171,62126,5301,74


-1,21951,127,8,1414,65363,131,64968,1171,62126,5301,74


-1,21952,133,5,1409,65376,130,64979,1171,62126,5301,74


-1,21953,140,12,1424,65395,125,64941,1202,62253,5126,74


-1,21954,133,65533,1428,65352,82,64977,1202,62253,5126,74


-1,21955,130,16,1415,65363,132,64998,1202,62253,5126,74


-1,21956,129,15,1436,65341,141,65007,1188,62155,5143,74


-1,21957,120,8,1442,65352,120,64990,1188,62155,5143,74


-1,21958,116,5,1417,65341,134,65004,1188,62155,5143,74


-1,21959,134,1,1413,65349,151,64950,1230,62182,5185,74


-1,21960,138,4,1403,65352,131,64970,1230,62182,5185,74


-1,21961,134,65535,1406,65362,135,64960,1230,62182,5185,74


-1,21962,135,7,1419,65384,113,64945,1230,62182,5185,74


-1,21963,124,6,1424,65378,130,64977,1246,62227,5257,74


-1,21964,138,26,1420,65346,94,64991,1246,62227,5257,74


-1,21965,146,12,1424,65327,148,64986,1246,62227,5257,74


-1,21966,117,9,1425,65352,117,64962,1194,62135,5277,75


-1,21967,128,20,1429,65339,130,65010,1194,62135,5277,75


-1,21968,129,65532,1410,65353,133,64992,1194,62135,5277,75


-1,21969,126,8,1423,65360,107,65011,1166,62125,5305,74


-1,21970,140,6,1407,65343,134,64939,1166,62125,5305,74


-1,21971,138,3,1392,65360,117,64988,1166,62125,5305,74


-1,21972,121,65516,1407,65380,104,64958,1166,62125,5305,74


-1,21973,123,15,1436,65379,133,64977,1221,62225,5288,74


-1,21974,125,23,1416,65384,105,64984,1221,62225,5288,74


-1,21975,110,8,1420,65349,128,64968,1221,62225,5288,74


-1,21976,122,15,1407,65348,138,64968,1165,62119,5239,74


-1,21977,110,23,1436,65361,124,64990,1165,62119,5239,74


-1,21978,122,15,1443,65324,132,64952,1165,62119,5239,74


-1,21979,132,0,1423,65353,144,64973,1156,62113,5362,74


-1,21980,142,7,1416,65381,132,64977,1156,62113,5362,74


-1,21981,120,65534,1433,65327,129,64981,1156,62113,5362,74


-1,21982,116,65534,1431,65309,141,64985,1156,62113,5362,74


-1,21983,140,7,1401,65330,150,64999,1220,62139,5303,74


-1,21984,120,4,1405,65334,151,64986,1220,62139,5303,74


-1,21985,126,18,1426,65330,141,64996,1220,62139,5303,74


-1,21986,127,14,1421,65332,172,64981,1203,62154,5270,74


-1,21987,111,22,1421,65335,121,64974,1203,62154,5270,74


-1,21988,123,13,1426,65391,101,64961,1203,62154,5270,74


-1,21989,125,65533,1442,65374,142,64992,1171,62127,5292,74


-1,21990,130,65533,1412,65405,120,64953,1171,62127,5292,74


-1,21991,134,4,1435,65360,96,65012,1171,62127,5292,74


-1,21992,146,15,1419,65365,137,64956,1171,62127,5292,74


-1,21993,110,6,1433,65338,120,64994,1154,62092,5339,74


-1,21994,129,3,1405,65357,121,64994,1154,62092,5339,74


-1,21995,119,8,1409,65371,130,64942,1154,62092,5339,74


-1,21996,136,8,1411,65349,120,64978,1191,62215,5122,74


-1,21997,136,65530,1409,65345,99,64961,1191,62215,5122,74


-1,21998,120,7,1431,65359,139,64954,1191,62215,5122,74


-1,21999,134,6,1421,65370,105,64995,1191,62215,5122,74


-1,22000,131,9,1406,65350,136,64980,1154,62129,5270,74


-1,22001,122,13,1415,65361,144,64985,1154,62129,5270,74


-1,22002,121,7,1425,65342,108,65006,1154,62129,5270,74


-1,22003,126,12,1408,65376,122,64979,1184,62090,5310,74


-1,22004,119,9,1417,65367,102,64974,1184,62090,5310,74


-1,22005,131,9,1429,65374,105,64973,1184,62090,5310,74


-1,22006,105,10,1424,65363,115,64952,1180,62137,5373,74


-1,22007,131,1,1424,65374,123,64981,1180,62137,5373,74


-1,22008,130,65535,1420,65362,144,64981,1180,62137,5373,74


-1,22009,123,65535,1414,65335,140,64987,1180,62137,5373,74


-1,22010,127,14,1408,65355,145,64967,1179,62157,5225,74


-1,22011,130,65530,1406,65341,139,64980,1179,62157,5225,74


-1,22012,120,19,1436,65383,134,64979,1179,62157,5225,74


-1,22013,125,9,1423,65375,127,64986,1206,62097,5305,74


-1,22014,134,5,1418,65388,112,64971,1206,62097,5305,74


-1,22015,137,10,1424,65355,101,64975,1206,62097,5305,74


-1,22016,130,65531,1422,65376,120,64972,1165,62101,5324,74


-1,22017,116,13,1427,65361,119,64985,1165,62101,5324,74


-1,22018,128,0,1426,65374,138,64978,1165,62101,5324,74


-1,22019,146,5,1412,65387,127,64955,1165,62101,5324,74


-1,22020,129,5,1418,65359,146,64985,1192,62135,5277,74


-1,22021,128,15,1429,65353,119,64985,1192,62135,5277,74


-1,22022,136,17,1431,65345,127,64961,1192,62135,5277,74


-1,22023,121,7,1404,65347,139,64977,1191,62164,5294,74


-1,22024,114,13,1405,65352,158,64969,1191,62164,5294,74


-1,22025,127,15,1440,65368,132,64973,1191,62164,5294,74


-1,22026,118,19,1432,65381,129,64960,1216,62102,5253,74


-1,22027,113,6,1425,65385,109,64948,1216,62102,5253,74


-1,22028,124,17,1420,65370,129,64956,1216,62102,5253,74


-1,22029,144,10,1421,65346,139,65023,1216,62102,5253,74


-1,22030,132,17,1403,65325,146,64969,1204,62181,5235,75


-1,22031,137,7,1432,65350,125,64961,1204,62181,5235,75


-1,22032,134,7,1432,65353,116,65011,1204,62181,5235,75


-1,22033,122,0,1426,65370,106,64982,1213,62081,5296,75


-1,22034,152,7,1418,65356,144,64993,1213,62081,5296,75


-1,22035,127,23,1425,65350,133,64979,1213,62081,5296,75


-1,22036,137,1,1442,65374,137,64979,1135,62098,5305,74


-1,22037,126,8,1415,65344,111,64979,1135,62098,5305,74


-1,22038,126,9,1411,65385,124,64970,1135,62098,5305,74


-1,22039,136,2,1413,65364,138,64969,1135,62098,5305,74


-1,22040,104,7,1421,65378,121,64988,1185,62125,5221,74


-1,22041,116,11,1443,65356,150,64962,1185,62125,5221,74


-1,22042,135,10,1419,65384,126,64975,1185,62125,5221,74


-1,22043,121,9,1451,65383,130,64970,1216,62085,5276,74


-1,22044,127,4,1409,65369,117,64971,1216,62085,5276,74


-1,22045,129,24,1418,65370,150,64958,1216,62085,5276,74


-1,22046,139,65529,1419,65368,150,64989,1178,62118,5314,74


-1,22047,123,65516,1419,65379,128,65007,1178,62118,5314,74


-1,22048,141,11,1422,65371,134,64984,1178,62118,5314,74


-1,22049,132,6,1426,65375,134,64995,1178,62118,5314,74


-1,22050,1520,10,17511,65373,135,64983,1200,62173,5285,75


-1,22051,1410,74,17608,65387,108,64976,1200,62173,5285,75


-1,22052,1565,111,17470,65378,109,64997,1200,62173,5285,75


-1,22053,1492,65485,17596,65381,104,64976,1194,62115,5297,74


-1,22054,1690,65523,17420,65370,90,64989,1194,62115,5297,74


-1,22055,1605,65532,17592,65360,101,65025,1194,62115,5297,74


-1,22056,1699,32,17468,65330,142,65008,1158,62071,5315,74


-1,22057,1519,65495,17614,65363,140,64940,1158,62071,5315,74


-1,22058,1644,65519,17457,65380,151,64983,1158,62071,5315,74


-1,22059,1541,74,17490,65345,116,64978,1158,62071,5315,74


-1,22060,1520,75,17477,65338,145,64972,1204,62188,5335,74


-1,22061,1475,65508,17531,65385,106,64992,1204,62188,5335,74


-1,22062,1548,58,17494,65359,115,64994,1204,62188,5335,74


-1,22063,1653,27,17506,65357,105,64952,1168,62164,5187,74


-1,22064,1629,65532,17519,65363,125,64966,1168,62164,5187,74


-1,22065,1584,65491,17592,65346,148,64961,1168,62164,5187,74


-1,22066,1615,46,17520,65366,122,65000,1173,62097,5381,75


-1,22067,1536,23,17469,65353,117,64987,1173,62097,5381,75


-1,22068,1592,65511,17473,65358,135,64985,1173,62097,5381,75


-1,22069,1505,65515,17440,65356,111,64988,1173,62097,5381,75


-1,22070,1524,26,17537,65333,140,65002,1183,62128,5279,74


-1,22071,1506,53,17533,65358,120,64977,1183,62128,5279,74


-1,22072,1655,65508,17374,65354,128,64963,1183,62128,5279,74


-1,22073,1660,65504,17455,65310,104,64973,1126,62159,5336,74


-1,22074,1679,65535,17477,65356,116,65002,1126,62159,5336,74


-1,22075,1579,8,17532,65347,126,64984,1126,62159,5336,74


-1,22076,1511,14,17499,65370,133,64979,1205,62169,5312,74


-1,22077,1529,65508,17360,65370,167,64975,1205,62169,5312,74


-1,22078,1590,7,17317,65336,106,64967,1205,62169,5312,74


-1,22079,1615,16,17381,65361,122,64976,1205,62169,5312,74


-1,22080,1598,65495,17411,65382,138,64947,1194,62101,5337,75


-1,22081,1659,65517,17409,65365,138,64982,1194,62101,5337,75


-1,22082,1578,13,17589,65332,112,64982,1194,62101,5337,75


-1,22083,1577,24,17602,65342,131,64964,1197,62164,5281,75


-1,22084,1528,65508,17551,65318,143,64985,1197,62164,5281,75


-1,22085,1522,18,17515,65350,109,64973,1197,62164,5281,75


-1,22086,1609,2,17344,65345,119,64979,1178,62107,5311,75


-1,22087,1597,65490,17387,65342,103,64983,1178,62107,5311,75


-1,22088,1601,65521,17400,65366,139,64965,1178,62107,5311,75


-1,22089,1616,2,17474,65351,127,64982,1178,62107,5311,75


-1,22090,1580,31,17538,65325,108,64995,1260,62175,5249,75

a=1

-1,22091,1523,27,17444,65332,118,64962,1260,62175,5249,75


-1,22092,1618,65521,17365,65356,141,64969,1260,62175,5249,75


-1,22093,1595,65525,17405,65366,111,64986,1191,62134,5296,74


-1,22094,1598,65524,17429,65372,112,64982,1191,62134,5296,74


-1,22095,1763,4,17392,65378,111,64951,1191,62134,5296,74


-1,22096,1537,6,17542,65379,125,64979,1191,62134,5296,74


-1,22097,1523,4,17526,65379,118,64962,1172,62100,5315,74


-1,22098,1560,41,17511,65377,122,64946,1172,62100,5315,74


-1,22099,1531,13,17516,65383,103,64959,1172,62100,5315,74


-1,22100,1666,11,17435,65384,124,64994,1147,62061,5317,74


-1,22101,1590,27,17552,65371,139,64968,1147,62061,5317,74


-1,22102,1557,26,17577,65352,129,64990,1147,62061,5317,74


-1,22103,1564,9,17476,65340,117,64990,1222,62235,5135,74


-1,22104,1547,65527,17442,65349,116,64994,1222,62235,5135,74


-1,22105,1597,36,17471,65389,127,64969,1222,62235,5135,74


-1,22106,1540,28,17528,65358,121,64974,1222,62235,5135,74


-1,22107,1574,33,17541,65382,129,64979,1192,62137,5253,74


-1,22108,1574,30,17576,65367,132,64993,1192,62137,5253,74


-1,22109,1645,14,17481,65351,114,64976,1192,62137,5253,74


-1,22110,1620,4,17540,65351,123,64980,1164,62100,5285,74


-1,22111,1623,0,17496,65385,121,64977,1164,62100,5285,74


-1,22112,1585,8,17536,65357,135,64943,1164,62100,5285,74


-1,22113,1547,29,17531,65357,128,64961,1215,62145,5351,74


-1,22114,1621,65521,17398,65336,126,65001,1215,62145,5351,74


-1,22115,1623,17,17392,65331,120,64972,1215,62145,5351,74


-1,22116,1560,65523,17439,65386,113,64957,1215,62145,5351,74


-1,22117,1584,65528,17531,65382,114,64962,1192,62157,5190,74


-1,22118,1560,0,17578,65360,122,64964,1192,62157,5190,74


-1,22119,1647,65512,17461,65337,136,64954,1192,62157,5190,74


-1,22120,1620,65509,17395,65359,148,64991,1178,62201,5215,74


-1,22121,1625,65505,17378,65348,126,64995,1178,62201,5215,74


-1,22122,1641,65508,17353,65335,139,64993,1178,62201,5215,74


-1,22123,1589,14,17595,65329,129,64971,1163,62134,5350,74


-1,22124,1612,17,17569,65355,129,65011,1163,62134,5350,74


-1,22125,1646,65481,17486,65330,164,65011,1163,62134,5350,74


-1,22126,1686,65478,17492,65356,140,64985,1163,62134,5350,74


-1,22127,1639,65495,17416,65350,115,64989,1174,62180,5097,74


-1,22128,1455,80,17472,65334,188,65001,1174,62180,5097,74


-1,22129,1391,51,17371,65331,148,65031,1174,62180,5097,74


-1,22130,1459,22,17292,65376,156,64975,1226,62207,5269,74


-1,22131,1536,65532,17347,65361,110,64946,1226,62207,5269,74


-1,22132,1623,19,17508,65380,93,64960,1226,62207,5269,74


-1,22133,1598,65534,17579,65390,104,64959,1231,62191,5170,74


-1,22134,1757,65490,17434,65364,83,64940,1231,62191,5170,74


-1,22135,1773,65490,17531,65364,128,64991,1231,62191,5170,74


-1,22136,1650,65535,17539,65346,135,64968,1231,62191,5170,74


-1,22137,1601,18,17431,65341,146,64969,1187,62216,5120,74


-1,22138,1449,47,17420,65338,181,64970,1187,62216,5120,74


-1,22139,1472,31,17368,65349,120,64966,1187,62216,5120,74


-1,22140,1514,37,17469,65344,125,64983,1184,62162,5351,74


-1,22141,1657,65483,17449,65389,123,64985,1184,62162,5351,74


-1,22142,1668,65483,17591,65383,120,65001,1184,62162,5351,74


-1,22143,1636,14,17654,65355,125,64974,1194,62094,5326,74


-1,22144,1598,65525,17499,65351,159,64977,1194,62094,5326,74


-1,22145,1483,24,17478,65371,126,64945,1194,62094,5326,74


-1,22146,1537,65517,17471,65361,124,64979,1194,62094,5326,74


-1,22147,1566,9,17394,65333,120,65008,1197,62235,5136,75


-1,22148,1589,5,17384,65374,117,64957,1197,62235,5136,75


-1,22149,1592,65522,17540,65376,112,64984,1197,62235,5136,75


-1,22150,1639,65535,17650,65337,118,64936,1194,62051,5279,75


-1,22151,1662,65511,17446,65339,138,64990,1194,62051,5279,75


-1,22152,1632,65514,17433,65367,140,64951,1194,62051,5279,75


-1,22153,1629,65502,17387,65333,145,64979,1180,62096,5376,73


-1,22154,1494,0,17377,65348,129,64963,1180,62096,5376,73


-1,22155,1458,63,17494,65357,93,64941,1180,62096,5376,73


-1,22156,1587,65530,17435,65372,86,64958,1180,62096,5376,73


-1,22157,1687,65506,17374,65383,119,64932,1194,62167,5271,73


-1,22158,1700,65419,17478,65350,121,64987,1194,62167,5271,73


-1,22159,1662,17,17462,65367,122,64963,1194,62167,5271,73


-1,22160,1560,81,17508,65362,125,64989,1203,62137,5290,74


-1,22161,1557,20,17410,65377,155,64989,1203,62137,5290,74


-1,22162,1519,65480,17346,65378,100,64988,1203,62137,5290,74


-1,22163,1635,65,17472,65370,93,64982,1198,62102,5317,74


-1,22164,1606,20,17564,65368,116,64970,1198,62102,5317,74


-1,22165,1670,65499,17432,65353,144,64956,1198,62102,5317,74


-1,22166,1629,65492,17539,65354,109,64968,1198,62102,5317,74


-1,22167,1619,47,17587,65355,137,64966,1179,62151,5281,74


-1,22168,1541,65521,17484,65351,135,64988,1179,62151,5281,74


-1,22169,1569,65529,17361,65364,163,64964,1179,62151,5281,74


-1,22170,1499,14,17539,65340,122,65004,1196,62148,5272,73


-1,22171,1526,61,17513,65349,131,64984,1196,62148,5272,73


-1,22172,1526,65531,17514,65393,134,64974,1196,62148,5272,73


-1,22173,1544,65535,17553,65333,108,65002,1184,62145,5363,73


-1,22174,1654,65513,17459,65357,110,64960,1184,62145,5363,73


-1,22175,1643,17,17537,65365,126,64979,1184,62145,5363,73


-1,22176,1561,65535,17564,65358,114,64974,1184,62145,5363,73


-1,22177,1561,65532,17489,65356,110,64980,1185,62131,5305,73


-1,22178,1568,17,17430,65339,125,64993,1185,62131,5305,73


-1,22179,1531,53,17528,65386,121,64974,1185,62131,5305,73


-1,22180,1563,16,17500,65374,102,64968,1179,62161,5295,73


-1,22181,1529,29,17523,65374,125,64980,1179,62161,5295,73


-1,22182,1563,38,17488,65341,113,64965,1179,62161,5295,73


-1,22183,1658,9,17553,65383,115,64984,1159,62081,5324,73


-1,22184,1637,65521,17552,65366,110,64958,1159,62081,5324,73


-1,22185,1613,25,17543,65345,132,64999,1159,62081,5324,73


-1,22186,1560,41,17556,65387,115,64940,1159,62081,5324,73


-1,22187,1595,5,17385,65374,116,64988,1202,62117,5330,73


-1,22188,1549,4,17522,65330,136,64968,1202,62117,5330,73


-1,22189,1501,56,17541,65353,109,64992,1202,62117,5330,73


-1,22190,1549,37,17562,65363,110,65006,1187,62106,5315,73


-1,22191,1543,4,17477,65366,132,64941,1187,62106,5315,73


-1,22192,1586,14,17544,65367,114,64956,1187,62106,5315,73


-1,22193,1662,2,17477,65330,130,64985,1187,62106,5315,73


-1,22194,1609,65513,17480,65377,143,64944,1173,62153,5205,73


-1,22195,1548,65532,17511,65351,157,64970,1173,62153,5205,73


-1,22196,1501,55,17513,65365,137,64974,1173,62153,5205,73


-1,22197,1566,0,17468,65355,125,64962,1181,62063,5317,73


-1,22198,1578,65521,17333,65369,122,64941,1181,62063,5317,73


-1,22199,1603,65510,17367,65376,121,64972,1181,62063,5317,73


-1,22200,1592,65508,17454,65360,114,64993,1202,62174,5340,73


-1,22201,1646,10,17456,65357,124,64971,1202,62174,5340,73


-1,22202,1588,65506,17493,65359,138,64999,1202,62174,5340,73


-1,22203,1594,65523,17405,65356,147,64941,1202,62174,5340,73


-1,22204,1589,65533,17433,65346,130,64969,1156,62198,5286,73


-1,22205,1618,65526,17397,65378,118,64998,1156,62198,5286,73


-1,22206,1604,65533,17364,65348,121,64985,1156,62198,5286,73


-1,22207,1511,44,17540,65379,113,64992,1194,62133,5277,75


-1,22208,1523,17,17498,65372,132,64997,1194,62133,5277,75


-1,22209,1595,9,17478,65374,91,64965,1194,62133,5277,75


-1,22210,1621,65516,17405,65342,129,64961,1171,62110,5370,73


-1,22211,1598,26,17538,65346,120,64969,1171,62110,5370,73


-1,22212,1591,17,17558,65348,147,64980,1171,62110,5370,73


-1,22213,1559,9,17536,65369,134,64982,1171,62110,5370,73


-1,22214,1493,22,17509,65350,149,64954,1163,62120,5222,73


-1,22215,1535,30,17502,65323,124,64981,1163,62120,5222,73


-1,22216,1633,65524,17362,65361,113,64958,1163,62120,5222,73


-1,22217,1632,8,17447,65368,125,64978,1186,62122,5354,73

a=2

-1,22218,1643,1,17436,65395,126,64947,1186,62122,5354,73


-1,22219,1628,27,17465,65370,128,64967,1186,62122,5354,73


-1,22220,1588,6,17499,65373,138,64989,1215,62126,5338,73


-1,22221,1541,44,17502,65316,126,64982,1215,62126,5338,73


-1,22222,1586,0,17450,65348,112,64999,1215,62126,5338,73


-1,22223,1584,65533,17421,65358,131,64974,1215,62126,5338,73


-1,22224,1622,65527,17442,65336,125,64970,1179,62131,5255,73


-1,22225,1523,15,17532,65376,145,64965,1179,62131,5255,73


-1,22226,1574,18,17440,65391,116,64965,1179,62131,5255,73


-1,22227,1650,65504,17435,65353,134,64961,1155,62117,5308,73


-1,22228,1662,15,17461,65392,122,64961,1155,62117,5308,73


-1,22229,1570,65535,17495,65370,140,64964,1155,62117,5308,73


-1,22230,1598,65515,17418,65369,120,64939,1207,62089,5360,73


-1,22231,1636,8,17362,65371,106,64972,1207,62089,5360,73


-1,22232,1586,65525,17457,65383,101,64951,1207,62089,5360,73


-1,22233,1581,1,17531,65375,126,64962,1207,62089,5360,73


-1,22234,1646,65530,17433,65378,102,64946,1202,62155,5214,73


-1,22235,1615,2,17450,65360,115,64976,1202,62155,5214,73


-1,22236,1679,65516,17443,65350,123,64949,1202,62155,5214,73


-1,22237,1593,2,17281,65379,140,64975,1216,62063,5331,73


-1,22238,1535,103,17522,65330,124,64959,1216,62063,5331,73


-1,22239,1559,38,17416,65362,140,64983,1216,62063,5331,73


-1,22240,1590,65469,17532,65356,115,65001,1128,62126,5296,73


-1,22241,809,65535,8650,65371,120,64987,1128,62126,5296,73


-1,22242,805,13,8670,65350,125,64993,1128,62126,5296,73


-1,22243,799,65524,8720,65381,116,64974,1128,62126,5296,73


-1,22244,772,6,8744,65361,126,64976,1164,62116,5277,73


-1,22245,810,23,8702,65360,120,64958,1164,62116,5277,73


-1,22246,804,9,8670,65355,129,64978,1164,62116,5277,73


-1,22247,800,65506,8657,65365,160,64978,1189,62148,5221,73


-1,22248,763,65533,8761,65341,149,64989,1189,62148,5221,73


-1,22249,800,30,8650,65378,99,64999,1189,62148,5221,73


-1,22250,806,65533,8705,65365,95,64998,1183,62090,5337,75


-1,22251,806,65528,8735,65377,125,64952,1183,62090,5337,75


-1,22252,762,25,8727,65397,118,64965,1183,62090,5337,75


-1,22253,821,65524,8703,65362,108,64967,1183,62090,5337,75


-1,22254,783,65521,8743,65358,131,64989,1199,62204,5363,75


-1,22255,760,6,8723,65357,161,64971,1199,62204,5363,75


-1,22256,761,34,8717,65346,115,65001,1199,62204,5363,75


-1,22257,793,39,8633,65358,133,64977,1171,62141,5310,73


-1,22258,758,17,8711,65383,129,64945,1171,62141,5310,73


-1,22259,770,27,8714,65370,122,64948,1171,62141,5310,73


-1,22260,791,33,8717,65376,119,65003,1166,62095,5324,75


-1,22261,836,2,8697,65357,102,64973,1166,62095,5324,75


-1,22262,830,65517,8758,65348,143,64978,1166,62095,5324,75


-1,22263,845,4,8797,65328,116,65005,1166,62095,5324,75


-1,22264,812,2,8736,65332,195,64993,1185,62127,5354,75


-1,22265,803,12,8664,65313,178,65005,1185,62127,5354,75


-1,22266,735,27,8656,65329,151,64987,1185,62127,5354,75


-1,22267,680,41,8685,65375,169,65011,1192,62153,5266,75


-1,22268,710,40,8689,65313,147,65018,1192,62153,5266,75


-1,22269,739,8,8691,65359,102,64978,1192,62153,5266,75


-1,22270,782,15,8739,65389,110,64964,1178,62056,5347,75


-1,22271,847,14,8729,65392,101,64980,1178,62056,5347,75


-1,22272,854,31,8765,65375,118,64961,1178,62056,5347,75


-1,22273,837,65506,8804,65363,121,64965,1178,62056,5347,75


-1,22274,823,65523,8708,65371,160,64963,1171,62136,5284,73


-1,22275,793,4,8650,65331,165,64987,1171,62136,5284,73


-1,22276,732,23,8688,65372,140,65013,1171,62136,5284,73


-1,22277,652,39,8730,65369,141,64964,1196,62105,5327,73


-1,22278,719,18,8679,65368,111,64938,1196,62105,5327,73


-1,22279,791,65529,8731,65393,93,64965,1196,62105,5327,73


-1,22280,866,27,8742,65372,97,64944,1141,62116,5323,73


-1,22281,865,65500,8739,65396,109,64981,1141,62116,5323,73


-1,22282,881,65506,8718,65341,156,64980,1141,62116,5323,73


-1,22283,778,32,8763,65324,134,64977,1141,62116,5323,73


-1,22284,716,38,8722,65325,158,64978,1149,62112,5290,73


-1,22285,717,14,8652,65340,136,64973,1149,62112,5290,73


-1,22286,707,33,8673,65373,111,64985,1149,62112,5290,73


-1,22287,756,42,8748,65366,102,64943,1181,62169,5349,74


-1,22288,804,31,8746,65380,85,64945,1181,62169,5349,74


-1,22289,861,65498,8761,65357,113,64950,1181,62169,5349,74


-1,22290,882,65486,8684,65346,117,64965,1207,62146,5110,73


-1,22291,878,65522,8744,65346,150,64981,1207,62146,5110,73


-1,22292,813,0,8737,65336,147,64997,1207,62146,5110,73


-1,22293,716,65530,8695,65342,157,64963,1207,62146,5110,73


-1,22294,718,4,8607,65366,145,64984,1171,62127,5310,74


-1,22295,716,48,8590,65391,86,64957,1171,62127,5310,74


-1,22296,756,23,8615,65385,102,64922,1171,62127,5310,74


-1,22297,823,65494,8664,65397,113,64922,1214,62221,5334,73


-1,22298,895,65473,8719,65404,97,64937,1214,62221,5334,73


-1,22299,881,0,8794,65387,94,64966,1214,62221,5334,73


-1,22300,877,65524,8740,65356,129,64949,1214,62221,5334,73


-1,22301,822,65507,8668,65331,141,64991,1156,62182,5236,73


-1,22302,744,65533,8663,65333,144,65016,1156,62182,5236,73


-1,22303,708,60,8683,65363,120,65004,1156,62182,5236,73


-1,22304,754,42,8650,65346,134,64984,1190,62115,5304,73


-1,22305,787,65485,8600,65375,115,64954,1190,62115,5304,73


-1,22306,820,65520,8705,65352,115,64974,1190,62115,5304,73


-1,22307,845,7,8742,65380,126,64965,1184,62089,5360,73


-1,22308,820,65521,8794,65366,130,64936,1184,62089,5360,73


-1,22309,801,65530,8749,65362,112,65002,1184,62089,5360,73


-1,22310,801,35,8736,65359,150,64999,1184,62089,5360,73


-1,22311,784,30,8724,65329,138,65001,1181,62225,5079,73


-1,22312,711,36,8724,65330,139,64960,1181,62225,5079,73


-1,22313,709,13,8681,65338,124,65007,1181,62225,5079,73


-1,22314,754,40,8704,65365,115,64968,1171,62157,5256,73


-1,22315,774,44,8702,65360,109,64946,1171,62157,5256,73


-1,22316,837,65526,8732,65395,126,64968,1171,62157,5256,73


-1,22317,810,65521,8794,65379,111,64969,1181,62091,5321,74


-1,22318,826,38,8765,65352,138,65000,1181,62091,5321,74


-1,22319,787,25,8672,65315,139,64951,1181,62091,5321,74

a=3

-1,22320,776,65515,8647,65330,157,64943,1181,62091,5321,74


-1,22321,763,17,8717,65347,143,64973,1188,62198,5292,74


-1,22322,733,43,8675,65337,132,64992,1188,62198,5292,74


-1,22323,743,16,8696,65384,120,64989,1188,62198,5292,74


-1,22324,794,2,8719,65350,120,64952,1182,62135,5316,74


-1,22325,823,29,8697,65388,120,64942,1182,62135,5316,74


-1,22326,806,6,8746,65339,127,64924,1182,62135,5316,74


-1,22327,818,65527,8759,65363,122,65000,1165,62107,5332,74


-1,22328,784,6,8752,65368,125,65020,1165,62107,5332,74


-1,22329,785,27,8712,65363,143,64989,1165,62107,5332,74


-1,22330,752,37,8694,65328,132,64987,1165,62107,5332,74


-1,22331,778,19,8708,65358,120,64982,1203,62145,5298,74


-1,22332,733,1,8724,65367,104,64919,1203,62145,5298,74


-1,22333,810,33,8728,65397,89,64962,1203,62145,5298,74


-1,22334,843,65530,8728,65348,121,65007,1196,62137,5336,74


-1,22335,819,65521,8744,65350,110,64943,1196,62137,5336,74


-1,22336,812,6,8747,65346,121,64966,1196,62137,5336,74


-1,22337,795,11,8762,65356,139,64975,1176,62118,5364,74


-1,22338,789,65535,8643,65367,161,64977,1176,62118,5364,74


-1,22339,793,65535,8708,65351,125,64976,1176,62118,5364,74


-1,22340,746,43,8711,65357,129,64964,1176,62118,5364,74


-1,22341,748,10,8740,65331,135,64977,1205,62131,5299,73


-1,22342,821,65516,8658,65381,127,64952,1205,62131,5299,73


-1,22343,791,5,8728,65387,115,64939,1205,62131,5299,73


-1,22344,803,23,8757,65372,130,64950,1198,62136,5280,73


-1,22345,799,0,8730,65378,113,64929,1198,62136,5280,73


-1,22346,827,65525,8688,65331,129,64972,1198,62136,5280,73


-1,22347,796,2,8665,65337,121,64985,1152,62138,5238,73


-1,22348,747,21,8723,65359,101,64953,1152,62138,5238,73


-1,22349,765,31,8657,65390,134,64981,1152,62138,5238,73


-1,22350,805,9,8642,65369,110,64961,1152,62138,5238,73


-1,22351,814,5,8649,65401,88,64940,1169,62107,5330,74


-1,22352,787,29,8753,65332,125,64946,1169,62107,5330,74


-1,22353,786,65528,8706,65365,126,64960,1169,62107,5330,74


-1,22354,799,65530,8735,65356,132,64994,1164,62116,5344,74


-1,22355,789,26,8719,65393,138,64948,1164,62116,5344,74


-1,22356,775,22,8697,65350,143,64989,1164,62116,5344,74


-1,22357,749,29,8673,65381,147,65003,1164,62116,5344,74


-1,22358,804,4,8661,65372,123,64978,1147,62166,5213,74


-1,22359,817,65527,8658,65400,130,64987,1147,62166,5213,74


-1,22360,797,24,8701,65368,108,64973,1147,62166,5213,74


-1,22361,812,65527,8693,65391,99,64981,1177,62113,5321,74


-1,22362,828,7,8710,65351,123,64953,1177,62113,5321,74


-1,22363,827,65532,8665,65351,109,64966,1177,62113,5321,74


-1,22364,799,65530,8686,65369,134,64970,1205,62177,5369,73


-1,22365,770,25,8720,65363,111,65004,1205,62177,5369,73


-1,22366,752,12,8728,65349,117,64966,1205,62177,5369,73


-1,22367,779,65515,8674,65340,121,64988,1205,62177,5369,73


-1,22368,798,5,8638,65370,98,64996,1185,62203,5118,75


-1,22369,776,5,8724,65344,117,64959,1185,62203,5118,75


-1,22370,787,8,8711,65369,130,64961,1185,62203,5118,75


-1,22371,809,6,8689,65356,141,64983,1155,62118,5315,73


-1,22372,785,65532,8739,65365,123,64962,1155,62118,5315,73


-1,22373,778,16,8737,65360,116,64973,1155,62118,5315,73


-1,22374,748,13,8738,65357,133,64965,1158,62137,5308,73


-1,22375,758,10,8691,65373,148,64950,1158,62137,5308,73


-1,22376,767,35,8703,65369,144,64979,1158,62137,5308,73


-1,22377,815,65527,8703,65381,129,64988,1158,62137,5308,73


-1,22378,794,5,8717,65350,110,64980,1178,62182,5278,73


-1,22379,750,65528,8724,65388,106,64979,1178,62182,5278,73
