-1,57771,519,12,5750,65357,201,65010,1296,62264,5300,47


-1,57772,534,14,5738,65411,179,65007,1292,62236,5302,46


-1,57773,545,65521,5765,65387,160,64998,1292,62236,5302,46


-1,57774,554,29,5788,65393,184,64984,1292,62236,5302,46


-1,57775,550,65531,5831,65347,170,64980,1297,62159,5335,47


-1,57776,552,65514,5775,65317,198,65017,1297,62159,5335,47


-1,57777,551,65533,5770,65357,189,64995,1297,62159,5335,47


-1,57778,527,9,5778,65376,211,65016,1297,62159,5335,47


-1,57779,524,6,5776,65373,199,64978,1275,62242,5402,47


-1,57780,518,65532,5754,65381,188,65003,1275,62242,5402,47


-1,57781,544,65530,5758,65349,164,65027,1275,62242,5402,47


-1,57782,544,27,5785,65396,180,64990,1323,62166,5334,47


-1,57783,537,65534,5774,65401,166,65004,1323,62166,5334,47


-1,57784,550,65505,5760,65373,188,65010,1323,62166,5334,47


-1,57785,557,9,5800,65372,172,64999,1311,62237,5306,46


-1,57786,547,12,5772,65349,224,64973,1311,62237,5306,46


-1,57787,559,65523,5788,65347,181,64993,1311,62237,5306,46


-1,57788,502,65534,5763,65354,160,65037,1311,62237,5306,46


-1,57789,499,22,5785,65381,182,65001,1306,62202,5412,46


-1,57790,541,19,5750,65383,202,65006,1306,62202,5412,46


-1,57791,536,65519,5723,65364,185,64964,1306,62202,5412,46


-1,57792,549,65532,5711,65394,197,65004,1255,62193,5373,46


-1,57793,555,9,5784,65341,174,64981,1255,62193,5373,46


-1,57794,562,65527,5796,65406,167,65006,1255,62193,5373,46


-1,57795,568,65505,5727,65359,176,64968,1275,62149,5504,46


-1,57796,560,65532,5734,65360,183,65005,1275,62149,5504,46


-1,57797,540,65528,5724,65356,178,65017,1275,62149,5504,46


-1,57798,538,65526,5721,65334,188,65001,1275,62149,5504,46


-1,57799,539,65524,5742,65341,178,65015,1326,62244,5407,47


-1,57800,528,8,5781,65353,207,64978,1326,62244,5407,47


-1,57801,565,18,5791,65384,179,64972,1326,62244,5407,47


-1,57802,574,65527,5797,65373,197,65000,1302,62161,5331,47


-1,57803,556,0,5810,65362,157,64992,1302,62161,5331,47


-1,57804,583,65519,5749,65371,187,65029,1302,62161,5331,47


-1,57805,548,0,5738,65342,194,64981,1302,62161,5331,47


-1,57806,532,65515,5707,65373,189,65003,1268,62205,5404,47


-1,57807,518,11,5737,65359,183,64979,1268,62205,5404,47


-1,57808,528,16,5746,65379,161,64966,1268,62205,5404,47


-1,57809,519,7,5739,65409,170,64967,1300,62201,5434,46


-1,57810,553,9,5778,65348,185,64988,1300,62201,5434,46


-1,57811,579,65527,5782,65361,178,64962,1300,62201,5434,46


-1,57812,579,65524,5770,65323,193,64994,1268,62175,5337,47


-1,57813,547,65521,5775,65340,198,65002,1268,62175,5337,47


-1,57814,551,0,5723,65356,172,65023,1268,62175,5337,47


-1,57815,526,3,5701,65351,198,65016,1268,62175,5337,47


-1,57816,530,6,5724,65332,185,64986,1258,62205,5377,47


-1,57817,547,65515,5748,65382,166,64968,1258,62205,5377,47


-1,57818,539,65534,5771,65385,190,64978,1258,62205,5377,47


-1,57819,574,65528,5760,65398,175,64995,1309,62156,5425,46


-1,57820,576,13,5774,65360,188,64991,1309,62156,5425,46


-1,57821,565,65506,5774,65354,193,64988,1309,62156,5425,46


-1,57822,559,3,5746,65379,163,64961,1270,62211,5366,47


-1,57823,547,17,5764,65359,187,65034,1270,62211,5366,47


-1,57824,518,65534,5747,65330,179,65036,1270,62211,5366,47


-1,57825,491,22,5747,65369,196,64962,1270,62211,5366,47


-1,57826,527,10,5769,65371,173,64981,1259,62142,5361,47


-1,57827,578,65530,5778,65393,160,64998,1259,62142,5361,47


-1,57828,583,65518,5755,65377,164,65003,1259,62142,5361,47


-1,57829,589,65513,5791,65350,172,65029,1286,62171,5337,47


-1,57830,551,65532,5780,65336,194,65007,1286,62171,5337,47


-1,57831,505,6,5770,65370,213,64988,1286,62171,5337,47


-1,57832,512,65532,5728,65351,208,65013,1301,62188,5316,47


-1,57833,525,65528,5726,65358,195,65013,1301,62188,5316,47


-1,57834,522,6,5714,65403,177,64983,1301,62188,5316,47


-1,57835,545,65528,5763,65380,173,64949,1301,62188,5316,47


-1,57836,578,65487,5779,65383,169,65013,1284,62286,5298,47


-1,57837,568,65529,5801,65375,192,65011,1284,62286,5298,47


-1,57838,542,8,5765,65351,188,65025,1284,62286,5298,47


-1,57839,517,10,5773,65391,227,65004,1337,62217,5450,47


-1,57840,508,0,5764,65351,196,65023,1337,62217,5450,47


-1,57841,526,65524,5704,65366,160,64975,1337,62217,5450,47


-1,57842,554,3,5732,65369,186,65008,1303,62165,5373,47


-1,57843,558,65534,5746,65393,164,64969,1303,62165,5373,47


-1,57844,540,65517,5785,65387,174,64983,1303,62165,5373,47


-1,57845,553,65530,5785,65379,163,64989,1303,62165,5373,47


-1,57846,580,65528,5743,65342,180,65009,1258,62254,5349,46


-1,57847,570,65531,5735,65381,192,65021,1258,62254,5349,46


-1,57848,571,5,5766,65364,198,65002,1258,62254,5349,46


-1,57849,525,65530,5726,65367,186,65004,1348,62309,5231,46


-1,57850,521,4,5702,65326,199,64992,1348,62309,5231,46


-1,57851,514,8,5760,65375,168,65001,1348,62309,5231,46


-1,57852,543,65535,5775,65375,177,64965,1299,62263,5280,47


-1,57853,534,3,5782,65378,156,64984,1299,62263,5280,47


-1,57854,570,0,5806,65370,192,65004,1299,62263,5280,47


-1,57855,592,4,5746,65374,185,64957,1299,62263,5280,47


-1,57856,588,65505,5760,65382,198,65010,1314,62312,5384,47


-1,57857,544,6,5740,65366,196,65035,1314,62312,5384,47


-1,57858,549,65527,5728,65341,202,64982,1314,62312,5384,47


-1,57859,526,6,5757,65402,186,65021,1318,62333,5201,47


-1,57860,514,65529,5726,65337,172,64996,1318,62333,5201,47


-1,57861,533,7,5725,65378,209,64978,1318,62333,5201,47


-1,57862,561,2,5765,65376,148,65006,1285,62188,5323,47


-1,57863,582,65511,5780,65365,215,64976,1285,62188,5323,47


-1,57864,559,65508,5763,65356,173,64986,1285,62188,5323,47


-1,57865,580,65529,5735,65363,197,65005,1285,62188,5323,47


-1,57866,554,10,5714,65335,199,65013,1260,62258,5323,47


-1,57867,541,65534,5720,65387,185,65014,1260,62258,5323,47


-1,57868,516,12,5741,65372,170,64976,1260,62258,5323,47


-1,57869,537,20,5728,65351,174,64994,1299,62199,5431,47


-1,57870,544,65534,5743,65413,188,64977,1299,62199,5431,47


-1,57871,606,65520,5755,65385,187,64992,1299,62199,5431,47


-1,57872,574,6,5799,65396,180,64958,1263,62234,5351,47


-1,57873,578,65533,5782,65359,204,64974,1263,62234,5351,47


-1,57874,542,65519,5740,65359,203,64985,1263,62234,5351,47


-1,57875,524,65528,5720,65339,216,64980,1263,62234,5351,47


-1,57876,519,65527,5730,65357,199,64982,1285,62255,5367,47


-1,57877,529,20,5741,65377,190,64960,1285,62255,5367,47


-1,57878,561,65527,5736,65367,184,64966,1285,62255,5367,47


-1,57879,562,65530,5793,65366,182,64942,1279,62133,5445,47


-1,57880,576,65535,5822,65384,178,64977,1279,62133,5445,47


-1,57881,576,65505,5763,65370,181,65014,1279,62133,5445,47


-1,57882,568,65533,5744,65362,192,64999,1284,62181,5325,46


-1,57883,512,15,5775,65352,188,64988,1284,62181,5325,46


-1,57884,484,13,5709,65343,207,64998,1284,62181,5325,46


-1,57885,493,8,5698,65373,190,64982,1284,62181,5325,46


-1,57886,541,65527,5730,65392,168,64966,1265,62219,5358,46


-1,57887,538,65526,5763,65380,195,64947,1265,62219,5358,46


-1,57888,571,65525,5749,65378,154,64981,1265,62219,5358,46


-1,57889,594,65500,5773,65400,177,64990,1272,62181,5459,47


-1,57890,586,65521,5758,65371,179,64988,1272,62181,5459,47


-1,57891,546,4,5747,65348,225,65015,1272,62181,5459,47


-1,57892,500,2,5758,65343,214,64990,1272,62181,5459,46


-1,57893,518,5,5719,65329,205,64976,1327,62253,5247,46


-1,57894,535,14,5725,65384,175,64980,1327,62253,5247,46


-1,57895,566,12,5728,65357,121,65022,1327,62253,5247,46


-1,57896,545,4,5841,65375,173,64976,1282,62187,5373,46


-1,57897,558,65523,5787,65361,183,64983,1282,62187,5373,46


-1,57898,558,65532,5784,65372,188,64997,1282,62187,5373,46


-1,57899,553,65532,5773,65354,181,65034,1292,62160,5399,46


-1,57900,527,11,5723,65340,172,65012,1292,62160,5399,46


-1,57901,545,0,5751,65378,204,64995,1292,62160,5399,46


-1,57902,531,29,5752,65358,172,64995,1292,62160,5399,46


-1,57903,527,65531,5781,65386,168,64958,1331,62273,5148,46


-1,57904,529,2,5810,65370,191,64987,1331,62273,5148,46


-1,57905,573,65513,5789,65366,181,64998,1331,62273,5148,46


-1,57906,568,65530,5790,65361,184,65014,1291,62216,5292,47


-1,57907,554,17,5761,65355,180,65013,1291,62216,5292,47


-1,57908,555,65531,5766,65366,206,64975,1291,62216,5292,47


-1,57909,545,4,5719,65352,183,65020,1290,62224,5407,47


-1,57910,508,13,5791,65372,175,64996,1290,62224,5407,47


-1,57911,530,65534,5750,65376,193,64998,1290,62224,5407,47


-1,57912,567,65530,5734,65328,183,64999,1290,62224,5407,47


-1,57913,556,9,5763,65344,205,65016,1305,62342,5213,46


-1,57914,531,10,5793,65386,188,65016,1305,62342,5213,46


-1,57915,554,65529,5744,65327,199,65003,1305,62342,5213,46


-1,57916,509,22,5780,65343,193,65014,1265,62210,5221,46


-1,57917,529,65529,5709,65364,174,64999,1265,62210,5221,46


-1,57918,540,6,5726,65387,198,64986,1265,62210,5221,46


-1,57919,565,65524,5750,65382,174,64998,1290,62217,5444,46


-1,57920,549,65523,5729,65368,179,65014,1290,62217,5444,46


-1,57921,571,12,5788,65322,168,64976,1290,62217,5444,46


-1,57922,556,9,5776,65416,205,64962,1290,62217,5444,46


-1,57923,562,3,5762,65358,177,65003,1300,62206,5427,47


-1,57924,558,0,5754,65379,174,65004,1300,62206,5427,47


-1,57925,528,8,5783,65393,184,65002,1300,62206,5427,47


-1,57926,528,9,5745,65350,230,64997,1321,62238,5219,47


-1,57927,545,6,5733,65377,185,64979,1321,62238,5219,47


-1,57928,539,18,5791,65407,177,64957,1321,62238,5219,47


-1,57929,561,1,5778,65399,172,64995,1309,62143,5363,47


-1,57930,551,1,5742,65365,180,64994,1309,62143,5363,47


-1,57931,555,65509,5743,65362,218,65002,1309,62143,5363,47


-1,57932,560,2,5730,65330,209,64995,1309,62143,5363,47


-1,57933,525,13,5753,65365,202,64983,1276,62185,5402,47


-1,57934,522,3,5726,65368,195,64982,1276,62185,5402,47


-1,57935,546,65525,5753,65343,181,64959,1276,62185,5402,47


-1,57936,530,65531,5760,65328,187,64981,1310,62214,5338,47


-1,57937,569,6,5792,65347,179,65010,1310,62214,5338,47


-1,57938,590,65508,5743,65379,188,64982,1310,62214,5338,47


-1,57939,574,65523,5795,65327,190,64970,1274,62197,5387,47


-1,57940,533,20,5803,65366,203,64994,1274,62197,5387,47


-1,57941,549,65535,5743,65365,193,65011,1274,62197,5387,47


-1,57942,540,65528,5740,65351,184,64990,1274,62197,5387,47


-1,57943,502,5,5789,65389,190,64964,1264,62219,5341,47


-1,57944,530,31,5783,65389,165,64991,1264,62219,5341,47


-1,57945,525,20,5760,65380,190,64949,1264,62219,5341,47


-1,57946,523,15,5801,65386,196,64982,1303,62217,5398,47


-1,57947,586,65522,5749,65341,176,64977,1303,62217,5398,47


-1,57948,576,65527,5734,65346,197,65008,1303,62217,5398,47


-1,57949,555,4,5770,65349,187,65021,1281,62162,5462,47


-1,57950,559,65530,5753,65345,190,65007,1281,62162,5462,47


-1,57951,565,65525,5746,65345,220,65009,1281,62162,5462,47


-1,57952,539,65531,5724,65320,205,64998,1281,62162,5462,47


-1,57953,542,4,5739,65334,191,64998,1286,62236,5303,47


-1,57954,505,2,5783,65346,212,64992,1286,62236,5303,47


-1,57955,504,1,5742,65362,201,64992,1286,62236,5303,47


-1,57956,561,65508,5763,65370,172,64978,1316,62288,5267,48


-1,57957,561,9,5758,65362,175,65004,1316,62288,5267,48


-1,57958,528,10,5783,65362,202,65019,1316,62288,5267,48


-1,57959,563,65514,5769,65364,189,64973,1303,62206,5341,46

a=0

-1,57960,529,5,5743,65344,200,65000,1303,62206,5341,46


-1,57961,547,65531,5743,65375,187,64993,1303,62206,5341,46


-1,57962,522,65534,5746,65372,187,65004,1303,62206,5341,46


-1,57963,565,65520,5712,65371,176,64987,1290,62245,5371,47


-1,57964,535,2,5746,65372,183,65017,1290,62245,5371,47


-1,57965,522,65533,5749,65348,167,64990,1290,62245,5371,47


-1,57966,566,65531,5730,65380,201,64999,1313,62180,5340,47


-1,57967,553,6,5737,65387,173,64998,1313,62180,5340,47


-1,57968,528,65532,5790,65350,183,64998,1313,62180,5340,47


-1,57969,516,4,5774,65351,210,64954,1311,62255,5231,47


-1,57970,573,65532,5740,65363,191,65010,1311,62255,5231,47


-1,57971,560,65525,5725,65352,168,65017,1311,62255,5231,47


-1,57972,561,0,5756,65342,196,64986,1311,62255,5231,47


-1,57973,549,7,5763,65357,201,64984,1270,62175,5367,47


-1,57974,548,7,5737,65322,200,64977,1270,62175,5367,47


-1,57975,542,13,5743,65368,186,65024,1270,62175,5367,47


-1,57976,561,0,5765,65362,179,64995,1280,62157,5410,46


-1,57977,557,65531,5769,65360,172,65015,1280,62157,5410,46


-1,57978,552,11,5770,65383,182,64993,1280,62157,5410,46


-1,57979,563,65530,5752,65351,185,65006,1289,62309,5210,46


-1,57980,537,4,5733,65350,178,64971,1289,62309,5210,46


-1,57981,545,13,5724,65341,190,65001,1289,62309,5210,46


-1,57982,554,65526,5724,65344,187,65024,1289,62309,5210,46


-1,57983,520,3,5739,65379,165,65011,1301,62166,5372,46


-1,57984,529,3,5771,65366,187,64973,1301,62166,5372,46


-1,57985,554,65533,5762,65345,192,64994,1301,62166,5372,46


-1,57986,559,6,5756,65366,190,64992,1283,62166,5402,46


-1,57987,562,65517,5733,65348,192,65000,1283,62166,5402,46


-1,57988,516,17,5761,65399,192,64965,1283,62166,5402,46


-1,57989,540,20,5775,65375,187,64965,1283,62166,5402,46


-1,57990,559,65526,5734,65344,155,64989,1284,62260,5358,46


-1,57991,554,65528,5732,65329,195,64996,1284,62260,5358,46


-1,57992,579,12,5791,65360,199,65006,1284,62260,5358,46


-1,57993,549,65526,5748,65361,198,64999,1273,62200,5357,46


-1,57994,591,65529,5740,65341,218,64982,1273,62200,5357,46


-1,57995,545,65522,5753,65371,202,64992,1273,62200,5357,46


-1,57996,455,34,5696,65367,190,65019,1277,62164,5372,47


-1,57997,493,20,5799,65342,126,65028,1277,62164,5372,47


-1,57998,531,38,5687,65372,184,64976,1277,62164,5372,47


-1,57999,491,65525,5814,65372,151,64971,1277,62164,5372,47


-1,58000,617,65499,5760,65363,150,64973,1310,62302,5208,46


-1,58001,579,65511,5774,65358,154,65034,1310,62302,5208,46


-1,58002,593,28,5821,65388,168,65007,1310,62302,5208,46


-1,58003,511,65514,5760,65394,193,64995,1265,62215,5370,48


-1,58004,565,34,5704,65348,185,64983,1265,62215,5370,48


-1,58005,508,0,5756,65358,185,65009,1265,62215,5370,48


-1,58006,504,24,5716,65398,195,64978,1271,62188,5445,48


-1,58007,484,65517,5775,65376,156,64990,1271,62188,5445,48


-1,58008,572,3,5696,65393,188,64989,1271,62188,5445,48


-1,58009,577,65524,5770,65407,155,64983,1271,62188,5445,48


-1,58010,606,65504,5754,65374,159,65028,1270,62222,5438,47


-1,58011,527,65511,5790,65392,224,64975,1270,62222,5438,47


-1,58012,564,14,5776,65347,177,65033,1270,62222,5438,47


-1,58013,530,20,5763,65354,199,65002,1260,62209,5427,47


-1,58014,533,65533,5656,65359,218,64985,1260,62209,5427,47


-1,58015,506,65529,5742,65322,170,65008,1260,62209,5427,47


-1,58016,552,27,5719,65378,174,64971,1260,62142,5369,47


-1,58017,554,65529,5744,65365,169,64994,1260,62142,5369,47


-1,58018,569,2,5759,65343,168,64986,1260,62142,5369,47


-1,58019,535,65524,5782,65372,196,64999,1260,62142,5369,47


-1,58020,549,65529,5792,65334,173,65024,1323,62284,5219,47


-1,58021,562,65524,5745,65370,180,64983,1323,62284,5219,47


-1,58022,519,65527,5756,65362,178,65014,1323,62284,5219,47


-1,58023,532,0,5748,65337,186,64991,1298,62233,5331,47


-1,58024,545,25,5682,65335,204,65019,1298,62233,5331,47


-1,58025,534,12,5785,65327,174,64988,1298,62233,5331,47


-1,58026,512,65530,5778,65356,153,64957,1316,62228,5334,46


-1,58027,541,65525,5752,65388,161,65022,1316,62228,5334,46


-1,58028,571,19,5757,65366,152,64980,1316,62228,5334,46


-1,58029,542,65527,5763,65389,189,64973,1316,62228,5334,46


-1,58030,545,65517,5723,65348,218,65009,1309,62282,5329,46


-1,58031,527,0,5725,65361,203,64973,1309,62282,5329,46


-1,58032,494,43,5756,65371,151,64990,1309,62282,5329,46


-1,58033,549,32,5800,65384,142,64974,1314,62196,5411,47


-1,58034,563,65522,5757,65375,176,64960,1314,62196,5411,47


-1,58035,566,65516,5817,65362,183,64972,1314,62196,5411,47


-1,58036,580,2,5778,65374,172,65005,1293,62193,5378,47


-1,58037,569,65522,5748,65345,186,64999,1293,62193,5378,47


-1,58038,517,12,5773,65373,190,65030,1293,62193,5378,47


-1,58039,538,7,5717,65385,176,65006,1293,62193,5378,47


-1,58040,528,30,5741,65357,158,65006,1302,62261,5376,47


-1,58041,522,20,5785,65321,181,64979,1302,62261,5376,47


-1,58042,551,65527,5740,65359,175,64976,1302,62261,5376,47


-1,58043,549,8,5798,65382,174,64983,1297,62194,5429,47


-1,58044,572,7,5773,65394,167,64988,1297,62194,5429,47


-1,58045,552,65520,5771,65333,197,65024,1297,62194,5429,47


-1,58046,550,65501,5747,65355,198,64972,1289,62211,5322,47


-1,58047,521,3,5772,65365,163,64995,1289,62211,5322,47


-1,58048,546,46,5725,65348,196,65019,1289,62211,5322,47


-1,58049,532,4,5699,65382,217,64976,1289,62211,5322,47


-1,58050,547,8,5731,65386,192,64965,1295,62211,5370,47


-1,58051,546,9,5759,65373,148,64985,1295,62211,5370,47


-1,58052,549,25,5745,65379,173,64971,1295,62211,5370,47


-1,58053,564,65523,5767,65397,201,64945,1238,62159,5418,47


-1,58054,588,10,5740,65394,169,64979,1238,62159,5418,47


-1,58055,567,65511,5737,65371,189,65010,1238,62159,5418,47


-1,58056,552,7,5758,65375,188,64966,1270,62219,5339,47


-1,58057,520,12,5726,65364,195,64965,1270,62219,5339,47


-1,58058,513,1,5734,65313,195,64991,1270,62219,5339,47


-1,58059,552,65531,5700,65376,167,65012,1270,62219,5339,47


-1,58060,540,8,5731,65357,183,64979,1307,62160,5408,47


-1,58061,548,65489,5757,65393,179,64977,1307,62160,5408,47


-1,58062,646,65521,5744,65410,183,64986,1307,62160,5408,47


-1,58063,574,2,5804,65376,193,64985,1335,62238,5250,45

a=1

-1,58064,825,65522,9112,65348,223,64984,1335,62238,5250,45


-1,58065,1597,65505,17437,65367,163,65020,1335,62238,5250,45


-1,58066,1560,45,17403,65350,183,64972,1311,62181,5378,46


-1,58067,1644,65531,17404,65338,185,64953,1311,62181,5378,46


-1,58068,1809,65469,17388,65358,164,64982,1311,62181,5378,46


-1,58069,1811,65441,17378,65354,191,64959,1311,62181,5378,46


-1,58070,1639,8,17601,65319,178,65018,1310,62163,5340,46


-1,58071,1581,20,17305,65377,215,64978,1310,62163,5340,46


-1,58072,1661,65498,17427,65375,199,64993,1310,62163,5340,46


-1,58073,1671,65510,17246,65353,217,64972,1298,62159,5386,47


-1,58074,1682,65527,17332,65377,176,64967,1298,62159,5386,47


-1,58075,1655,65529,17598,65379,181,65002,1298,62159,5386,47


-1,58076,1674,65484,17464,65390,146,65021,1298,62159,5386,47


-1,58077,1755,65488,17461,65354,174,64990,1290,62293,5181,46


-1,58078,1752,65503,17380,65346,197,65012,1290,62293,5181,46


-1,58079,1626,65460,17297,65349,193,64983,1290,62293,5181,46


-1,58080,1636,65510,17545,65331,195,64992,1301,62219,5369,46


-1,58081,1598,22,17406,65366,160,65011,1301,62219,5369,46


-1,58082,1645,22,17483,65337,205,65011,1301,62219,5369,46


-1,58083,1674,65460,17346,65369,186,65028,1314,62256,5249,47


-1,58084,1646,14,17418,65392,166,65010,1314,62256,5249,47


-1,58085,1694,65535,17550,65379,182,65002,1314,62256,5249,47


-1,58086,1637,0,17368,65362,220,64993,1314,62256,5249,47


-1,58087,1627,65513,17429,65369,185,65007,1309,62331,5195,47


-1,58088,1679,65524,17392,65381,178,64995,1309,62331,5195,47


-1,58089,1661,17,17447,65344,177,64998,1309,62331,5195,47


-1,58090,1652,65522,17572,65357,196,64988,1330,62278,5332,46


-1,58091,1600,65525,17413,65348,214,64972,1330,62278,5332,46


-1,58092,1677,65486,17414,65377,192,64950,1330,62278,5332,46


-1,58093,1676,24,17541,65372,206,64990,1244,62186,5443,47


-1,58094,1682,65518,17444,65358,204,65008,1244,62186,5443,47


-1,58095,1711,65500,17443,65360,207,64996,1244,62186,5443,47


-1,58096,1726,65533,17357,65338,198,65004,1244,62186,5443,47


-1,58097,1770,65469,17387,65338,219,64975,1279,62256,5399,47


-1,58098,1645,65492,17447,65381,197,64980,1279,62256,5399,47


-1,58099,1597,47,17400,65362,204,64989,1279,62256,5399,47


-1,58100,1559,18,17472,65367,202,64987,1264,62197,5361,45


-1,58101,1559,15,17324,65384,193,64982,1264,62197,5361,45


-1,58102,1528,65504,17399,65398,159,64994,1264,62197,5361,45


-1,58103,1736,65511,17531,65376,143,65010,1288,62144,5396,47


-1,58104,1758,65526,17400,65374,148,64981,1288,62144,5396,47


-1,58105,1758,65421,17430,65372,191,64997,1288,62144,5396,47


-1,58106,1738,65461,17377,65381,185,64992,1288,62144,5396,47


-1,58107,1662,17,17447,65351,206,65014,1286,62237,5369,47


-1,58108,1629,65535,17309,65361,237,64973,1286,62237,5369,47


-1,58109,1465,1,17156,65323,186,64964,1286,62237,5369,47


-1,58110,1444,102,17483,65367,136,64975,1279,62229,5353,46


-1,58111,1837,18,17340,65427,152,64955,1279,62229,5353,46


-1,58112,2040,65179,17776,65427,137,64997,1279,62229,5353,46


-1,58113,1865,65533,17486,65333,186,65044,1276,62161,5478,46


-1,58114,1557,47,17311,65376,218,64987,1276,62161,5478,46


-1,58115,1650,65503,17586,65344,201,65007,1276,62161,5478,46


-1,58116,1440,65383,17240,65380,177,64959,1276,62161,5478,46


-1,58117,1630,160,17161,65351,179,64990,1263,62231,5331,46


-1,58118,1662,53,17777,65358,99,65009,1263,62231,5331,46


-1,58119,1819,65349,17244,65405,169,64921,1263,62231,5331,46


-1,58120,1718,65438,17951,65324,166,65009,1301,62232,5348,46


-1,58121,1674,87,17224,65371,227,64941,1301,62232,5348,46


-1,58122,1594,4,17399,65361,169,64980,1301,62232,5348,46


-1,58123,1714,65462,17533,65362,152,65036,1305,62165,5384,47


-1,58124,1469,165,17246,65396,202,64958,1305,62165,5384,47


-1,58125,1727,125,17749,65364,163,65032,1305,62165,5384,47


-1,58126,1861,65351,17347,65365,219,64957,1305,62165,5384,47


-1,58127,1630,65453,17367,65356,196,65008,1278,62225,5364,47


-1,58128,1572,130,17638,65341,183,65023,1278,62225,5364,47


-1,58129,1542,99,17254,65348,183,64993,1278,62225,5364,47


-1,58130,1709,65454,17627,65369,176,65023,1289,62237,5377,47


-1,58131,1745,65418,17348,65402,171,65024,1289,62237,5377,47


-1,58132,1674,100,17604,65355,190,65047,1289,62237,5377,47


-1,58133,1659,60,17254,65354,207,64993,1319,62164,5369,47


-1,58134,1605,65450,17327,65390,174,65002,1319,62164,5369,47


-1,58135,1658,65463,17551,65351,149,65013,1319,62164,5369,47


-1,58136,1689,69,17305,65368,181,65005,1319,62164,5369,47


-1,58137,1645,65516,17555,65363,181,64992,1306,62262,5379,47


-1,58138,1715,65445,17175,65387,182,64969,1306,62262,5379,47


-1,58139,1617,26,17577,65378,168,64994,1306,62262,5379,47


-1,58140,1743,65533,17349,65365,178,65001,1336,62293,5232,45


-1,58141,1654,65447,17388,65341,192,64950,1336,62293,5232,45


-1,58142,1660,1,17395,65386,167,65003,1336,62293,5232,45


-1,58143,1648,33,17542,65378,180,64971,1303,62258,5237,45


-1,58144,1703,65507,17436,65364,192,64981,1303,62258,5237,45


-1,58145,1683,65470,17346,65370,180,64959,1303,62258,5237,45


-1,58146,1629,15,17558,65361,172,64980,1303,62258,5237,45

a=2

-1,58147,1650,65530,17449,65372,197,64987,1274,62191,5372,46


-1,58148,1672,65488,17527,65361,145,65010,1274,62191,5372,46


-1,58149,1661,20,17435,65365,195,64985,1274,62191,5372,46


-1,58150,1651,65521,17453,65384,188,65000,1327,62211,5347,46


-1,58151,1721,65446,17285,65405,192,64967,1327,62211,5347,46


-1,58152,1627,65522,17475,65342,168,64987,1327,62211,5347,46


-1,58153,1708,65529,17339,65369,189,65002,1327,62211,5347,46


-1,58154,1701,65506,17497,65383,187,65015,1327,62198,5293,46


-1,58155,1636,65532,17449,65366,211,64983,1327,62198,5293,46


-1,58156,1599,21,17496,65345,177,65014,1327,62198,5293,46


-1,58157,1683,65501,17545,65367,190,64985,1258,62172,5345,46


-1,58158,1654,65500,17488,65381,199,64999,1258,62172,5345,46


-1,58159,1598,16,17523,65322,200,64989,1258,62172,5345,46


-1,58160,1623,13,17468,65372,186,65014,1295,62188,5373,46


-1,58161,1691,65461,17440,65382,181,65016,1295,62188,5373,46


-1,58162,1662,65511,17474,65386,190,64999,1295,62188,5373,46


-1,58163,1645,16,17504,65359,182,64992,1295,62188,5373,46


-1,58164,1663,65535,17456,65375,185,64979,1302,62226,5356,46


-1,58165,1629,65484,17520,65337,215,64990,1302,62226,5356,46


-1,58166,1746,8,17508,65384,180,64975,1302,62226,5356,46


-1,58167,1708,65476,17360,65341,210,64988,1254,62221,5313,47


-1,58168,1729,65472,17369,65352,201,64984,1254,62221,5313,47


-1,58169,1616,74,17458,65368,203,65002,1254,62221,5313,47


-1,58170,1637,65505,17507,65354,186,64978,1285,62153,5371,47


-1,58171,1714,65502,17408,65410,165,64985,1285,62153,5371,47


-1,58172,1662,40,17497,65384,174,64996,1285,62153,5371,47


-1,58173,1592,21,17446,65342,205,64955,1285,62153,5371,47


-1,58174,1591,65468,17443,65348,204,65003,1306,62261,5374,46


-1,58175,1776,9,17407,65371,183,65003,1306,62261,5374,46


-1,58176,1656,65531,17530,65385,193,64995,1306,62261,5374,46


-1,58177,1612,65504,17424,65363,198,64975,1281,62221,5318,46


-1,58178,1705,65455,17402,65353,191,64981,1281,62221,5318,46


-1,58179,1746,6,17382,65368,196,64984,1281,62221,5318,46


-1,58180,1603,8,17505,65386,188,65020,1237,62149,5423,47


-1,58181,1658,65491,17378,65353,190,64979,1237,62149,5423,47


-1,58182,1698,65511,17388,65354,179,64959,1237,62149,5423,47


-1,58183,1790,65493,17420,65377,200,64971,1237,62149,5423,47


-1,58184,1711,65524,17452,65357,232,64961,1307,62194,5347,47


-1,58185,1632,65529,17372,65369,187,64992,1307,62194,5347,47


-1,58186,1626,65518,17279,65356,196,65001,1307,62194,5347,47


-1,58187,1713,65497,17479,65391,164,64978,1288,62194,5335,47


-1,58188,1691,65528,17569,65323,168,65009,1288,62194,5335,47


-1,58189,1707,47,17327,65335,207,64989,1288,62194,5335,47


-1,58190,1650,65499,17422,65382,209,64969,1286,62209,5393,46


-1,58191,1704,65521,17491,65368,152,65045,1286,62209,5393,46


-1,58192,1635,42,17559,65350,186,65013,1286,62209,5393,46


-1,58193,1597,65523,17510,65353,190,65008,1286,62209,5393,46


-1,58194,1702,65448,17323,65351,184,65004,1305,62219,5324,47


-1,58195,1684,10,17471,65379,164,64978,1305,62219,5324,47


-1,58196,1637,65531,17500,65363,162,64972,1305,62219,5324,47


-1,58197,1637,65519,17486,65372,184,64987,1292,62277,5211,44


-1,58198,1690,65520,17363,65372,184,64981,1292,62277,5211,44


-1,58199,1624,30,17508,65385,182,64994,1292,62277,5211,44


-1,58200,1689,65504,17525,65367,183,64991,1319,62152,5351,46


-1,58201,1614,6,17403,65364,202,65023,1319,62152,5351,46


-1,58202,1671,65479,17399,65365,183,65028,1319,62152,5351,46


-1,58203,1691,2,17497,65351,158,64985,1319,62152,5351,46


-1,58204,1610,65496,17465,65353,175,65001,1229,62245,5405,46


-1,58205,800,65524,8609,65370,182,65004,1229,62245,5405,46


-1,58206,863,65515,8677,65371,193,64956,1229,62245,5405,46


-1,58207,861,22,8741,65363,176,64988,1301,62201,5418,46


-1,58208,832,65535,8669,65358,182,64988,1301,62201,5418,46


-1,58209,822,65516,8682,65368,226,64999,1301,62201,5418,46


-1,58210,870,65511,8642,65357,181,64963,1287,62218,5331,46


-1,58211,882,4,8671,65365,194,64971,1287,62218,5331,46


-1,58212,813,11,8689,65357,162,65019,1287,62218,5331,46


-1,58213,813,65504,8689,65408,171,65019,1287,62218,5331,46


-1,58214,822,65524,8717,65386,167,65011,1325,62213,5406,46


-1,58215,881,65511,8658,65357,190,65047,1325,62213,5406,46


-1,58216,846,65534,8647,65379,193,64974,1325,62213,5406,46


-1,58217,830,11,8722,65374,194,65008,1292,62163,5460,46


-1,58218,829,65523,8677,65385,189,64992,1292,62163,5460,46


-1,58219,852,10,8621,65371,206,64994,1292,62163,5460,46


-1,58220,842,5,8711,65389,186,65015,1265,62189,5349,46


-1,58221,838,1,8718,65359,210,65016,1265,62189,5349,46


-1,58222,845,65502,8669,65371,195,64991,1265,62189,5349,46


-1,58223,829,65530,8719,65391,204,64978,1265,62189,5349,46


-1,58224,792,43,8727,65368,204,64989,1290,62213,5355,47


-1,58225,801,65535,8687,65362,210,64999,1290,62213,5355,47


-1,58226,858,65493,8625,65368,186,65006,1290,62213,5355,47


-1,58227,857,65514,8647,65364,188,64977,1263,62194,5412,47


-1,58228,825,65508,8662,65370,186,65003,1263,62194,5412,47


-1,58229,810,65532,8718,65369,203,64948,1263,62194,5412,47


-1,58230,820,4,8707,65361,178,65013,1294,62233,5366,47


-1,58231,869,65535,8630,65377,188,64975,1294,62233,5366,47


-1,58232,830,65514,8684,65367,185,65013,1294,62233,5366,47


-1,58233,819,6,8700,65383,193,64968,1294,62233,5366,47


-1,58234,882,21,8697,65345,194,64974,1289,62196,5307,47


-1,58235,805,23,8692,65365,191,65009,1289,62196,5307,47


-1,58236,802,65524,8668,65358,162,65012,1289,62196,5307,47


-1,58237,859,65516,8649,65365,175,64993,1293,62185,5399,47


-1,58238,851,65515,8684,65353,203,65029,1293,62185,5399,47


-1,58239,871,65494,8664,65362,206,64994,1293,62185,5399,47

a=a

-1,58240,789,0,8579,65374,201,64977,1304,62205,5369,47


-1,58241,857,34,8713,65369,192,64996,1304,62205,5369,47


-1,58242,864,1,8649,65337,180,64990,1304,62205,5369,47


-1,58243,803,8,8626,65346,194,64980,1304,62205,5369,47


-1,58244,874,65532,8677,65379,180,64987,1303,62215,5261,46


-1,58245,879,29,8705,65361,163,64994,1303,62215,5261,46


-1,58246,831,65531,8683,65364,204,65018,1303,62215,5261,46


-1,58247,779,65506,8682,65377,191,64975,1274,62180,5384,46


-1,58248,839,15,8699,65395,188,64991,1274,62180,5384,46


-1,58249,862,0,8653,65370,208,64977,1274,62180,5384,46


-1,58250,894,65510,8632,65367,196,64971,1274,62180,5384,46


-1,58251,816,65517,8660,65385,174,64993,1302,62312,5222,46


-1,58252,854,17,8699,65345,209,64992,1302,62312,5222,46


-1,58253,838,65510,8738,65345,204,64990,1302,62312,5222,46


-1,58254,860,65521,8618,65377,196,65006,1322,62249,5294,46


-1,58255,811,65526,8624,65343,199,64993,1322,62249,5294,46


-1,58256,835,65529,8623,65336,207,65009,1322,62249,5294,46


-1,58257,833,65514,8719,65353,188,65000,1319,62231,5393,47


-1,58258,849,11,8688,65347,179,65019,1319,62231,5393,47


-1,58259,820,30,8672,65375,184,64975,1319,62231,5393,47


-1,58260,816,65519,8632,65350,188,65010,1319,62231,5393,47


-1,58261,819,65530,8650,65398,188,65011,1285,62216,5368,46


-1,58262,837,17,8664,65369,200,64983,1285,62216,5368,46


-1,58263,861,65503,8683,65364,182,65000,1285,62216,5368,46


-1,58264,879,65528,8655,65349,214,64982,1276,62252,5189,46


-1,58265,834,65510,8636,65376,188,64996,1276,62252,5189,46


-1,58266,822,65498,8627,65342,198,64997,1276,62252,5189,46


-1,58267,830,7,8731,65363,190,65010,1300,62194,5372,46


-1,58268,909,65529,8673,65328,190,65007,1300,62194,5372,46


-1,58269,825,65524,8632,65376,188,64965,1300,62194,5372,46


-1,58270,817,65514,8593,65377,184,64987,1300,62194,5372,46


-1,58271,854,65520,8674,65369,170,64996,1311,62274,5325,46


-1,58272,837,17,8716,65376,197,64991,1311,62274,5325,46


-1,58273,798,65508,8705,65364,192,65015,1311,62274,5325,46


-1,58274,804,7,8690,65356,191,65025,1304,62174,5313,46


-1,58275,880,2,8750,65349,175,64999,1304,62174,5313,46


-1,58276,835,65512,8670,65378,190,64965,1304,62174,5313,46


-1,58277,787,65504,8694,65346,173,64979,1298,62190,5425,46


-1,58278,861,8,8690,65375,184,65007,1298,62190,5425,46


-1,58279,867,65529,8659,65356,185,64998,1298,62190,5425,46


-1,58280,844,65509,8663,65369,226,64969,1298,62190,5425,46


-1,58281,805,65534,8711,65350,179,64983,1288,62239,5336,46


-1,58282,821,6,8681,65368,178,64949,1288,62239,5336,46


-1,58283,855,65520,8665,65366,175,65002,1288,62239,5336,46


-1,58284,851,65522,8672,65350,183,64991,1274,62179,5343,46


-1,58285,839,65516,8653,65364,196,64960,1274,62179,5343,46


-1,58286,821,12,8700,65373,181,64961,1274,62179,5343,46


-1,58287,848,65517,8677,65393,182,65040,1272,62218,5418,46


-1,58288,851,65521,8672,65378,203,64984,1272,62218,5418,46


-1,58289,822,65519,8712,65332,195,64979,1272,62218,5418,46


-1,58290,838,65527,8654,65340,191,64984,1272,62218,5418,46


-1,58291,844,65525,8610,65388,190,65013,1290,62180,5417,47


-1,58292,831,65519,8634,65332,174,64977,1290,62180,5417,47


-1,58293,863,65510,8635,65348,190,65013,1290,62180,5417,47


-1,58294,843,65529,8698,65387,171,65026,1280,62189,5300,46


-1,58295,826,65524,8650,65381,177,65027,1280,62189,5300,46


-1,58296,846,65505,8652,65365,175,65006,1280,62189,5300,46


-1,58297,848,65535,8628,65344,196,64991,1279,62217,5388,47


-1,58298,827,0,8703,65423,203,64976,1279,62217,5388,47


-1,58299,845,65522,8721,65372,169,65009,1279,62217,5388,47


-1,58300,863,65519,8630,65392,183,65004,1279,62217,5388,47


-1,58301,819,13,8654,65370,173,65018,1300,62188,5380,48


-1,58302,841,65514,8669,65377,196,64998,1300,62188,5380,48


-1,58303,828,65533,8722,65352,168,65030,1300,62188,5380,48


-1,58304,857,65526,8630,65355,187,64971,1287,62223,5362,46


-1,58305,846,65528,8625,65353,182,65002,1287,62223,5362,46


-1,58306,806,65532,8696,65363,176,64993,1287,62223,5362,46


-1,58307,825,4,8724,65374,185,64985,1262,62196,5300,46


-1,58308,842,0,8675,65390,203,64975,1262,62196,5300,46


-1,58309,832,65526,8695,65368,182,64983,1262,62196,5300,46


-1,58310,792,21,8666,65360,189,65004,1262,62196,5300,46


-1,58311,823,15,8761,65400,167,64991,1265,62209,5363,47


-1,58312,824,6,8725,65377,193,65000,1265,62209,5363,47


-1,58313,845,65529,8624,65376,210,64983,1265,62209,5363,47


-1,58314,521,65517,5722,65364,192,64985,1276,62295,5227,46


-1,58315,558,20,5773,65346,177,65005,1276,62295,5227,46


-1,58316,551,5,5808,65368,202,64987,1276,62295,5227,46


-1,58317,527,4,5796,65370,198,64977,1272,62173,5359,46


-1,58318,530,65510,5707,65372,181,65004,1272,62173,5359,46


-1,58319,567,65534,5734,65356,185,64978,1272,62173,5359,46


-1,58320,575,17,5783,65374,185,64975,1272,62173,5359,46


-1,58321,523,65530,5782,65375,220,64980,1310,62255,5296,46


-1,58322,537,2,5709,65372,176,64958,1310,62255,5296,46


-1,58323,537,65527,5755,65377,178,65017,1310,62255,5296,46


-1,58324,565,4,5806,65351,177,64962,1321,62287,5243,46


-1,58325,524,65535,5771,65374,186,64966,1321,62287,5243,46


-1,58326,525,17,5749,65364,214,65005,1321,62287,5243,46


-1,58327,541,65528,5724,65371,187,65000,1308,62187,5315,46

a=4

-1,58328,563,3,5731,65353,192,64975,1308,62187,5315,46


-1,58329,561,65534,5717,65357,177,65006,1308,62187,5315,46


-1,58330,526,65513,5707,65377,180,64997,1308,62187,5315,46


-1,58331,565,65531,5756,65348,194,65020,1275,62194,5367,46


-1,58332,559,13,5819,65369,180,64964,1275,62194,5367,46


-1,58333,526,65535,5766,65367,209,64969,1275,62194,5367,46


-1,58334,509,65521,5760,65357,186,64990,1282,62189,5395,46


-1,58335,555,1,5786,65353,175,65014,1282,62189,5395,46


-1,58336,570,5,5743,65353,203,64982,1282,62189,5395,46


-1,58337,529,65522,5750,65383,175,65003,1282,62189,5395,46


-1,58338,538,65534,5725,65388,223,64991,1281,62209,5444,46


-1,58339,570,10,5766,65343,173,64990,1281,62209,5444,46


-1,58340,572,65520,5749,65347,172,64988,1281,62209,5444,46


-1,58341,528,65526,5774,65370,178,65011,1262,62176,5398,47


-1,58342,516,7,5752,65357,183,64979,1262,62176,5398,47


-1,58343,553,65523,5756,65372,178,64996,1262,62176,5398,47


-1,58344,580,6,5736,65386,186,65020,1246,62195,5384,47


-1,58345,522,17,5801,65367,198,64957,1246,62195,5384,47


-1,58346,562,25,5751,65353,193,64956,1246,62195,5384,47


-1,58347,552,4,5737,65342,178,64986,1246,62195,5384,47


-1,58348,545,0,5753,65386,173,64995,1299,62190,5373,47


-1,58349,558,65535,5759,65370,224,64950,1299,62190,5373,47


-1,58350,544,3,5776,65372,175,64981,1299,62190,5373,47


-1,58351,541,65527,5797,65417,181,64985,1259,62159,5361,45


-1,58352,547,9,5777,65332,178,65018,1259,62159,5361,45


-1,58353,532,10,5767,65367,174,64979,1259,62159,5361,45


-1,58354,563,65522,5792,65350,188,64976,1284,62219,5419,45


-1,58355,579,65531,5743,65375,180,65015,1284,62219,5419,45


-1,58356,541,65524,5738,65406,181,65021,1284,62219,5419,45


-1,58357,544,65527,5762,65384,188,64972,1284,62219,5419,45


-1,58358,564,65529,5772,65365,188,64969,1307,62207,5256,45


-1,58359,554,22,5747,65352,178,64989,1307,62207,5256,45


-1,58360,563,1,5753,65364,202,64978,1307,62207,5256,45


-1,58361,547,65517,5805,65355,196,65008,1260,62176,5385,47


-1,58362,500,37,5761,65373,199,65009,1260,62176,5385,47


-1,58363,526,25,5776,65336,165,65019,1260,62176,5385,47


-1,58364,568,11,5786,65354,202,64993,1301,62202,5382,47


-1,58365,517,15,5730,65357,187,64995,1301,62202,5382,47


-1,58366,514,5,5771,65368,205,64990,1301,62202,5382,47


-1,58367,575,65530,5827,65364,175,64999,1301,62202,5382,47


-1,58368,572,2,5732,65346,168,65026,1259,62212,5393,46


-1,58369,509,65533,5741,65348,205,64977,1259,62212,5393,46


-1,58370,529,65529,5777,65373,179,64985,1259,62212,5393,46


-1,58371,551,14,5808,65367,191,65003,1285,62232,5381,46


-1,58372,514,13,5749,65332,168,64992,1285,62232,5381,46


-1,58373,538,65530,5763,65374,191,64986,1285,62232,5381,46


-1,58374,546,10,5779,65367,169,64972,1303,62199,5442,46


-1,58375,556,17,5810,65369,183,65007,1303,62199,5442,46


-1,58376,529,65526,5782,65372,208,65022,1303,62199,5442,46


-1,58377,554,65531,5764,65370,197,64984,1303,62199,5442,46


-1,58378,556,10,5751,65356,205,64995,1267,62264,5280,46


-1,58379,523,65522,5772,65409,178,64974,1267,62264,5280,46


-1,58380,547,1,5783,65386,184,64970,1267,62264,5280,46


-1,58381,533,24,5769,65387,178,65006,1296,62198,5370,46


-1,58382,555,65535,5746,65377,195,65004,1296,62198,5370,46


-1,58383,539,65520,5748,65372,181,64949,1296,62198,5370,46


-1,58384,559,0,5769,65385,188,65004,1359,62292,5376,45


-1,58385,564,65525,5763,65347,207,65003,1359,62292,5376,45


-1,58386,541,65532,5766,65372,188,64987,1359,62292,5376,45


-1,58387,572,16,5735,65378,177,65038,1359,62292,5376,45


-1,58388,542,30,5771,65327,178,65006,1247,62211,5301,47


-1,58389,553,65529,5781,65363,164,64992,1247,62211,5301,47


-1,58390,550,65530,5795,65348,171,65037,1247,62211,5301,47


-1,58391,563,24,5780,65391,177,65010,1292,62153,5369,47


-1,58392,531,0,5748,65385,185,65023,1292,62153,5369,47


-1,58393,554,65523,5720,65398,192,65007,1292,62153,5369,47


-1,58394,579,65532,5733,65360,190,65010,1283,62204,5413,45


-1,58395,548,65528,5752,65379,181,65009,1283,62204,5413,45


-1,58396,532,6,5781,65369,192,64952,1283,62204,5413,45


-1,58397,570,65529,5791,65362,202,64990,1283,62204,5413,45


-1,58398,519,16,5757,65354,203,64998,1252,62252,5295,46


-1,58399,526,5,5739,65382,195,64970,1252,62252,5295,46


-1,58400,545,65530,5785,65370,173,65009,1252,62252,5295,46


-1,58401,564,7,5745,65349,156,65014,1256,62204,5392,46


-1,58402,580,65508,5742,65323,205,64989,1256,62204,5392,46


-1,58403,559,65522,5723,65336,205,64978,1256,62204,5392,46


-1,58404,557,65530,5746,65338,177,65014,1307,62230,5380,46


-1,58405,571,12,5754,65359,163,65017,1307,62230,5380,46


-1,58406,554,65532,5759,65375,193,65002,1307,62230,5380,46

a=6

-1,58407,550,65528,5765,65343,194,64965,1307,62230,5380,46


-1,58408,551,65532,5768,65369,188,64983,1307,62197,5377,46


-1,58409,540,13,5795,65372,177,65014,1307,62197,5377,46


-1,58410,561,3,5718,65333,167,65024,1307,62197,5377,46


-1,58411,546,65535,5746,65372,201,64996,1293,62191,5353,46


-1,58412,555,65518,5731,65364,179,64964,1293,62191,5353,46


-1,58413,576,65531,5747,65401,207,64974,1293,62191,5353,46


-1,58414,556,18,5793,65379,174,64982,1288,62206,5390,46


-1,58415,536,8,5792,65356,192,65002,1288,62206,5390,46


-1,58416,553,7,5770,65387,180,64972,1288,62206,5390,46


-1,58417,554,65527,5752,65367,195,64984,1288,62206,5390,46


-1,58418,542,0,5773,65339,193,64976,1298,62176,5398,48


-1,58419,550,10,5781,65362,194,64994,1298,62176,5398,48


-1,58420,531,17,5769,65397,191,64998,1298,62176,5398,48


-1,58421,514,18,5797,65391,208,64981,1357,62314,5299,48


-1,58422,552,10,5795,65370,192,65011,1357,62314,5299,48


-1,58423,567,4,5808,65366,193,65012,1357,62314,5299,48


-1,58424,558,1,5744,65358,186,64990,1357,62314,5299,48


-1,58425,539,0,5744,65360,185,64998,1260,62180,5338,48


-1,58426,542,2,5732,65374,181,65015,1260,62180,5338,48


-1,58427,559,65535,5758,65356,189,64981,1260,62180,5338,48


-1,58428,537,11,5759,65367,196,64969,1256,62131,5430,46


-1,58429,542,13,5756,65353,178,65014,1256,62131,5430,46


-1,58430,577,65514,5753,65362,202,64973,1256,62131,5430,46


-1,58431,570,65525,5739,65374,189,64975,1255,62157,5399,46


-1,58432,555,18,5751,65362,199,64987,1255,62157,5399,46


-1,58433,546,12,5791,65318,197,65026,1255,62157,5399,46


-1,58434,526,12,5778,65345,168,65009,1255,62157,5399,46


-1,58435,533,65510,5787,65397,182,64987,1311,62260,5190,46


-1,58436,587,65527,5776,65350,182,64957,1311,62260,5190,46


-1,58437,823,40,17416,65366,168,65013,1311,62260,5190,46


-1,58438,1585,17,17336,65356,213,65019,1296,62210,5414,47


-1,58439,1599,65471,17529,65365,179,64995,1296,62210,5414,47


-1,58440,1771,34,17505,65388,179,65009,1296,62210,5414,47


-1,58441,1593,65500,17540,65354,177,64996,1288,62154,5445,48


-1,58442,1716,65482,17280,65350,216,64987,1288,62154,5445,48


-1,58443,1661,65531,17567,65327,181,64984,1288,62154,5445,48


-1,58444,1629,23,17488,65354,179,65004,1288,62154,5445,48


-1,58445,1624,65496,17436,65396,186,65022,1251,62250,5283,46


-1,58446,1665,4,17416,65378,166,64979,1251,62250,5283,46


-1,58447,1774,3,17445,65345,170,64985,1251,62250,5283,46


-1,58448,1665,65509,17465,65381,192,64971,1324,62209,5317,47


-1,58449,1589,65507,17406,65369,196,65000,1324,62209,5317,47


-1,58450,1687,65523,17361,65356,183,64977,1324,62209,5317,47


-1,58451,1671,14,17629,65369,155,65014,1295,62155,5447,47


-1,58452,1593,65505,17417,65360,170,65009,1295,62155,5447,47


-1,58453,1650,65494,17282,65346,152,65041,1295,62155,5447,47


-1,58454,1776,65532,17435,65367,189,64997,1295,62155,5447,47


-1,58455,1690,65505,17481,65383,188,64991,1285,62262,5302,47


-1,58456,1594,65494,17438,65360,185,65029,1285,62262,5302,47


-1,58457,1674,65501,17310,65319,208,64969,1285,62262,5302,47


-1,58458,1749,65498,17408,65351,175,65006,1294,62155,5358,47


-1,58459,1717,65505,17417,65365,173,65004,1294,62155,5358,47


-1,58460,1598,7,17425,65373,186,65004,1294,62155,5358,47


-1,58461,1674,0,17430,65357,172,64998,1297,62154,5418,46


-1,58462,1718,65496,17346,65369,196,65012,1297,62154,5418,46


-1,58463,1696,65489,17332,65347,195,64977,1297,62154,5418,46


-1,58464,1698,65504,17383,65367,190,65010,1297,62154,5418,46


-1,58465,1654,16,17450,65335,167,65025,1284,62274,5330,47


-1,58466,1696,65497,17440,65367,189,64982,1284,62274,5330,47

a=5

-1,58467,1691,65534,17390,65393,202,64961,1284,62274,5330,47


-1,58468,1698,65506,17368,65356,196,65001,1319,62177,5346,47


-1,58469,1757,65475,17347,65373,201,64996,1319,62177,5346,47


-1,58470,1688,4,17543,65371,166,65003,1319,62177,5346,47


-1,58471,1673,65517,17493,65327,203,64958,1285,62279,5359,47


-1,58472,1615,65508,17279,65357,203,64972,1285,62279,5359,47


-1,58473,1681,65474,17354,65393,189,64987,1285,62279,5359,47


-1,58474,1698,3,17546,65348,161,65006,1285,62279,5359,47


-1,58475,1629,49,17524,65373,175,64994,1278,62242,5355,47


-1,58476,1585,65520,17478,65388,202,64988,1278,62242,5355,47


-1,58477,1622,7,17468,65367,195,65006,1278,62242,5355,47


-1,58478,1745,65515,17409,65371,177,64979,1291,62163,5291,47


-1,58479,1680,7,17563,65359,193,64988,1291,62163,5291,47


-1,58480,1600,65491,17463,65366,200,65009,1291,62163,5291,47


-1,58481,1592,65532,17452,65359,193,65003,1290,62163,5365,46


-1,58482,1691,65524,17407,65343,198,65000,1290,62163,5365,46


-1,58483,1692,65522,17458,65357,183,65006,1290,62163,5365,46


-1,58484,1682,65516,17463,65362,161,64994,1290,62163,5365,46


-1,58485,1605,2,17468,65348,202,64992,1286,62307,5141,46


-1,58486,1639,65458,17322,65381,185,65002,1286,62307,5141,46


-1,58487,1771,65487,17436,65379,192,64977,1286,62307,5141,46


-1,58488,1646,33,17521,65388,161,64976,1279,62218,5308,47


-1,58489,1628,65485,17327,65381,200,64983,1279,62218,5308,47


-1,58490,1669,65478,17285,65377,192,64979,1279,62218,5308,47


-1,58491,1713,29,17518,65368,158,64982,1247,62206,5421,46


-1,58492,1684,1,17538,65360,169,64986,1247,62206,5421,46


-1,58493,1721,65451,17343,65361,194,64989,1247,62206,5421,46


-1,58494,1712,65491,17380,65355,194,64964,1247,62206,5421,46


-1,58495,1660,44,17494,65387,190,65014,1290,62233,5376,46


-1,58496,1713,65495,17468,65364,169,65023,1290,62233,5376,46


-1,58497,1714,65481,17440,65360,204,64987,1290,62233,5376,46


-1,58498,1581,65533,17456,65358,177,65011,1305,62312,5252,46


-1,58499,1638,32,17519,65345,196,64995,1305,62312,5252,46


-1,58500,1688,65520,17456,65382,172,64999,1305,62312,5252,46


-1,58501,1670,65491,17417,65359,180,64959,1263,62176,5308,46


-1,58502,1626,19,17489,65350,161,65024,1263,62176,5308,46


-1,58503,1620,65508,17484,65374,164,65018,1263,62176,5308,46


-1,58504,1707,65522,17458,65344,207,65008,1263,62176,5308,46


-1,58505,1703,65524,17345,65330,196,65015,1271,62222,5359,46


-1,58506,1647,9,17451,65373,181,64990,1271,62222,5359,46


-1,58507,1652,65500,17520,65375,157,64985,1271,62222,5359,46


-1,58508,1659,11,17439,65344,172,65008,1256,62176,5362,46


-1,58509,1641,65504,17391,65359,164,65022,1256,62176,5362,46


-1,58510,1732,65470,17377,65380,188,65001,1256,62176,5362,46


-1,58511,1670,65526,17494,65361,180,64998,1285,62206,5379,46


-1,58512,1747,65521,17387,65387,181,64999,1285,62206,5379,46


-1,58513,1698,65496,17409,65366,175,64992,1285,62206,5379,46


-1,58514,1587,65524,17425,65400,189,64979,1285,62206,5379,46


-1,58515,1710,65501,17385,65351,193,64969,1257,62173,5368,46


-1,58516,1714,65507,17592,65362,194,64986,1257,62173,5368,46


-1,58517,1559,16,17503,65369,201,64991,1257,62173,5368,46


-1,58518,1638,52,17510,65371,192,64981,1308,62187,5420,46


-1,58519,1575,5,17424,65365,197,64991,1308,62187,5420,46


-1,58520,1666,65468,17333,65382,172,65012,1308,62187,5420,46


-1,58521,1778,65497,17488,65405,180,64977,1308,62187,5420,46


-1,58522,1666,64,17518,65381,190,65009,1240,62146,5272,46


-1,58523,1569,65535,17392,65386,184,64957,1240,62146,5272,46


-1,58524,1679,65475,17417,65342,196,64992,1240,62146,5272,46


-1,58525,1767,65514,17423,65347,171,65002,1281,62185,5377,46


-1,58526,1698,4,17416,65343,200,64955,1281,62185,5377,46


-1,58527,1597,65495,17432,65359,191,64997,1281,62185,5377,46


-1,58528,1613,65516,17498,65365,209,65005,1303,62170,5396,46


-1,58529,1750,36,17367,65392,172,65012,1303,62170,5396,46


-1,58530,1726,65486,17409,65381,187,64997,1303,62170,5396,46


-1,58531,1667,65471,17291,65364,186,64988,1303,62170,5396,46


-1,58532,1709,5,17274,65366,178,64986,1258,62230,5373,46


-1,58533,1768,65506,17380,65373,174,64980,1258,62230,5373,46


-1,58534,1642,65493,17552,65381,221,64973,1258,62230,5373,46


-1,58535,1628,65508,17495,65372,201,65003,1322,62243,5274,46


-1,58536,1595,27,17448,65405,168,64985,1322,62243,5274,46


-1,58537,1728,65479,17376,65359,188,64978,1322,62243,5274,46


-1,58538,1661,65512,17498,65388,193,65021,1317,62183,5468,46


-1,58539,1632,0,17462,65362,194,64986,1317,62183,5468,46


-1,58540,1672,65478,17338,65364,165,64967,1317,62183,5468,46


-1,58541,1670,65477,17332,65378,169,65010,1317,62183,5468,46


-1,58542,1707,65518,17394,65362,213,64996,1294,62264,5231,46


-1,58543,1637,1,17511,65368,184,64946,1294,62264,5231,46


-1,58544,1607,65496,17526,65382,170,64994,1294,62264,5231,46


-1,58545,1631,3,17495,65359,148,65032,1275,62227,5406,47


-1,58546,1650,65531,17486,65372,177,64998,1275,62227,5406,47


-1,58547,1768,65503,17457,65363,189,64992,1275,62227,5406,47


-1,58548,1652,65513,17502,65366,191,64980,1317,62188,5451,47


-1,58549,1578,29,17438,65351,189,64985,1317,62188,5451,47


-1,58550,1683,65465,17512,65388,195,64963,1317,62188,5451,47


-1,58551,1783,17,17439,65361,214,64977,1317,62188,5451,47


-1,58552,1578,1,17543,65335,197,64988,1277,62219,5339,47


-1,58553,1609,65521,17327,65378,193,65021,1277,62219,5339,47


-1,58554,133,65532,1422,65376,178,65006,1277,62219,5339,47


-1,58555,128,11,1404,65357,202,64965,1308,62208,5381,46


-1,58556,140,10,1429,65355,190,64982,1308,62208,5381,46


-1,58557,118,65531,1420,65363,193,64977,1308,62208,5381,46


-1,58558,134,65531,1414,65366,199,64977,1324,62171,5390,46


-1,58559,146,0,1425,65380,168,64976,1324,62171,5390,46


-1,58560,147,65532,1419,65361,177,64961,1324,62171,5390,46


-1,58561,153,3,1423,65359,193,64954,1324,62171,5390,46


-1,58562,131,6,1414,65371,186,64979,1271,62232,5305,46


-1,58563,145,65534,1395,65356,171,64986,1271,62232,5305,46


-1,58564,144,7,1399,65352,186,64972,1271,62232,5305,46


-1,58565,119,22,1403,65374,183,64986,1310,62266,5325,46


-1,58566,136,10,1419,65327,186,64982,1310,62266,5325,46


-1,58567,124,9,1398,65344,179,64989,1310,62266,5325,46


-1,58568,136,6,1412,65363,210,64987,1283,62146,5426,46


-1,58569,155,15,1405,65359,189,65003,1283,62146,5426,46


-1,58570,135,65294,1403,65357,174,64995,1283,62146,5426,46


-1,58571,129,9,1414,65349,224,64998,1283,62146,5426,46


-1,58572,128,8,1430,65371,197,65007,1262,62260,5278,46


-1,58573,130,6,1412,65355,195,65000,1262,62260,5278,46

a=8

-1,58574,149,1,1404,65366,181,65009,1262,62260,5278,46


-1,58575,123,14,1431,65364,164,64984,1307,62148,5385,46


-1,58576,134,65529,1414,65357,196,64986,1307,62148,5385,46


-1,58577,122,65531,1403,65365,199,65011,1307,62148,5385,46


-1,58578,135,0,1417,65384,190,64980,1298,62186,5390,46


-1,58579,141,19,1395,65343,181,64985,1298,62186,5390,46


-1,58580,118,2,1432,65349,170,64992,1298,62186,5390,46


-1,58581,139,15,1433,65342,157,64983,1298,62186,5390,46


-1,58582,125,8,1426,65327,183,64979,1297,62249,5318,46


-1,58583,150,65526,1407,65387,169,64982,1297,62249,5318,46


-1,58584,131,3,1414,65389,199,64982,1297,62249,5318,46


-1,58585,129,21,1428,65356,140,64995,1254,62207,5374,46


-1,58586,135,7,1425,65373,184,64997,1254,62207,5374,46


-1,58587,145,7,1405,65392,191,64985,1254,62207,5374,46


-1,58588,124,6,1411,65380,189,64961,1272,62176,5410,46


-1,58589,124,65532,1419,65357,155,65022,1272,62176,5410,46


-1,58590,127,1,1427,65388,188,65017,1272,62176,5410,46


-1,58591,124,65527,1408,65363,163,65026,1272,62176,5410,46


-1,58592,119,17,1415,65341,182,65028,1291,62227,5368,46


-1,58593,126,65533,1430,65378,182,64978,1291,62227,5368,46


-1,58594,136,65531,1416,65364,201,64965,1291,62227,5368,46


-1,58595,135,9,1408,65414,184,64994,1295,62150,5360,46


-1,58596,145,65530,1396,65373,209,64995,1295,62150,5360,46


-1,58597,145,65527,1409,65363,175,65002,1295,62150,5360,46


-1,58598,145,18,1417,65351,171,65022,1326,62191,5334,46


-1,58599,138,4,1418,65368,186,65000,1326,62191,5334,46


-1,58600,132,65529,1424,65375,205,64991,1326,62191,5334,46


-1,58601,133,16,1427,65355,190,64992,1326,62191,5334,46


-1,58602,138,9,1416,65362,196,64987,1307,62184,5331,48


-1,58603,130,65534,1407,65352,188,64989,1307,62184,5331,48


-1,58604,117,14,1394,65388,208,64973,1307,62184,5331,48


-1,58605,130,16,1431,65381,179,64972,1278,62207,5292,46


-1,58606,133,11,1428,65371,174,64984,1278,62207,5292,46


-1,58607,141,1,1417,65377,205,64967,1278,62207,5292,46


-1,58608,125,13,1410,65369,189,65018,1278,62207,5292,46


-1,58609,136,65532,1410,65383,162,65034,1260,62197,5372,48


-1,58610,131,10,1417,65361,199,64999,1260,62197,5372,48


-1,58611,136,1,1406,65349,202,64973,1260,62197,5372,48


-1,58612,133,6,1407,65383,180,64970,1261,62191,5323,46


-1,58613,130,16,1419,65332,188,65019,1261,62191,5323,46


-1,58614,145,65529,1409,65386,168,64980,1261,62191,5323,46


-1,58615,154,65532,1419,65337,190,64974,1263,62200,5418,46


-1,58616,116,4,1405,65363,200,65021,1263,62200,5418,46


-1,58617,135,6,1402,65404,221,65006,1263,62200,5418,46


-1,58618,132,11,1412,65360,203,64972,1263,62200,5418,46


-1,58619,146,65534,1428,65358,179,65017,1239,62180,5358,46


-1,58620,130,65535,1402,65344,199,64984,1239,62180,5358,46


-1,58621,146,18,1430,65367,223,64970,1239,62180,5358,46


-1,58622,135,18,1405,65360,192,65000,1275,62212,5405,46


-1,58623,146,2,1420,65364,196,64949,1275,62212,5405,46


-1,58624,108,5,1432,65388,185,65010,1275,62212,5405,46


-1,58625,130,15,1412,65343,181,65011,1284,62200,5320,46


-1,58626,134,11,1381,65373,191,64981,1284,62200,5320,46


-1,58627,133,8,1419,65368,170,65004,1284,62200,5320,46


-1,58628,119,4,1423,65400,179,64990,1284,62200,5320,46


-1,58629,109,14,1408,65359,177,64968,1265,62282,5317,48


-1,58630,132,5,1408,65345,173,64979,1265,62282,5317,48


-1,58631,139,13,1410,65373,190,64970,1265,62282,5317,48


-1,58632,140,1,1416,65364,194,64994,1296,62228,5445,48


-1,58633,142,4,1419,65363,185,65028,1296,62228,5445,48


-1,58634,148,12,1409,65365,191,65030,1296,62228,5445,48


-1,58635,131,2,1430,65365,181,64997,1286,62193,5329,48


-1,58636,133,6,1401,65352,176,65013,1286,62193,5329,48


-1,58637,133,4,1399,65368,194,64994,1286,62193,5329,48


-1,58638,134,65524,1400,65360,200,64970,1286,62193,5329,48


-1,58639,128,65533,1411,65388,165,64956,1246,62312,5425,47


-1,58640,152,8,1439,65392,185,64982,1246,62312,5425,47


-1,58641,133,7,1404,65376,201,64980,1246,62312,5425,47


-1,58642,129,8,1394,65349,169,64967,1300,62140,5420,47
